57100270 114 41997  
57101310 114 31996 1
57101310 124 31997 1
571175421811 9200197
57118381 515 1200297
57120005 411 8199997
57120046 114121999 1
57120371 11110200097
57120371 123 4200197
57134970 113 9199897
57134970 125 2200297
57135078 115 2200197
57135078 124 11996 1
57135078 134 12001  
57135078 414 11996 1
57135078 515 2200297
57135078 714 12001 1
57136630 712 8200097
57154249 214101995 1
57154249 222 8199697
57154249 234 11999 1
57154249 241 1200097
57154779 114111999 1
57154779 124 12001 2
57157723 114 82001 1
57160648 414 51999 1
57164981 115 5200297
57165081 114122000 1
57165081 12311200097
57178110 114 42001 1
57191909 114 21996 1
57191909 124 71999 1
57191909 135 8200197
57191909 214 81997 1
57199320 112 3200197
57200870 114 51996 1
57200870 21211199797
57211108 114 61997 1
57211108 124 61997 1
57212347 114 81999 1
57214806 411 7199997
57214806 614112000 1
57217465 114 52001 1
57233403 114 51996 1
57233403 124 41999 1
57234514 111 9199997
57234514 124 22000 1
57235039 111 7199697
57241075 214 72000 1
57245293 114 81997 1
57245315 114 81995 1
57245315 214112000 1
57245315 314 51999 1
57245379 712 3199697
57248884 715 3200297
572495761715 6200297
57251197 112 9199897
57262270 114101997 1
57265490 214 21999 1
57275298 214 62001 1
57277289 411 8200097
88149345 111 4199697
88149345 124 21997 1
88149345 131 1199997
88149345 144 12001 1
88202138 114 52000 1
88249047 114121994 1
88249047 124 71998 1
90500516 512 5200097
90500516 524 62001 1
90500914 214 91996 1
90500914 22212199897
90504142 113 5200097
90504142 123 5200097
90504142 213 5200097
90504142 224 92001 1
90504248 114 52000 2
90504248 124 51997 1
90504500 31210199797
90504500 322 6199897
90504500 332 9199897
90506094 114 12000 1
90506094 124112002  
90506203 114 42002 1
90506203 124121999 1
90506268 21211200197
90506428 111 1200297
90506725 515 5200297
90506828 31510200097
90506849 214 12001 1
90507350 414 61999 1
90507350 514 91996 1
90507957 114 81999 1
90508033 115 9200297
90508165 114111999 1
90508165 124 92001 1
90570023 214101998 1
90570184 114 42000 1
90570222 114 61998 1
90570280 114 81998 1
90570280 124 81999 1
90570655 411 2199997
90570655 422 6199897
90570655 434121999 1
90570720 614 21999 1
90570720 624 12000 1
90570725 414111998 1
90570778 414 51998 1
90570778 512 4199897
90570778 524 42001 1
90570892 114 72001 1
90570892 124 61997 1
90570892 134 81998 1
90570992 212 8199797
90571107 214 91997 1
90571107 314112000 1
90571171 114 62000 1
90571171 124101994 1
90571171 134 11998 1
90571319 114 22000 1
90571319 124102001 1
90571472 114111998 1
90571506 114 11999 1
90571861 41512200197
90572147 614 11999 1
90572147 624 42000 1
90572192 214 32000 1
90572192 221 7200197
90572213 114 31999 1
90572213 213 1199797
90572221 111 4200197
90572280 114 11997 1
90572325 114111997 1
90572325 124 92000 1
90572325 214 91995 1
90572920 114 12001 1
90572922 114122000 1
90572925 124 62000 1
90572925 114 21999 1
90572983 214 61996 1
90572984 111 7199897
90572984 121 3199997
90572991 111 2199797
90573117 114121996 1
90573117 124 61998 1
90573117 134 91999 1
90573117 61211199197
90573946 414111997 1
90573946 424 91999 1
90574204 314 31999 1
90574204 324 72000 1
905742041015 1200297
90574494 117 91995 1
90574494 127 61999 1
90574494 137 62000 1
90574494 217 11997 1
90574538 114111995 1
90574744 114 22001 1
90574884 214 72001 1
90574890 111 6200197
90574918 714122001 1
90574935 214 11999 1
90574935 811 1200097
90575027 114 41996 1
90575027 914 41996  
90575039 114 71999 1
90575118 114 72001 1
90575126 114 82001 1
90575158 114 61998 1
90575158 124 72000 1
90575158 13212200097
90575229 614 72000 1
90575250 114112000 1
90575250 214 21994 2
90575250 224 61995  
90575940 114 61999 1
90576117 71210200197
90576142 114121996 1
90576142 212 3199597
90576245 11210199797
90576245 814 92001 1
90576320 114 61993 1
90576320 124 91998 1
90576531 11112200097
90576687 312 2199997
90576754 111 3199997
90576754 212 7199397
90576758 512 6199997
90576759 214 72001 1
90576925 114 11998 1
90576942 114 32001 1
90576948 412 6199697
90576948 422 6199897
90576948 432 2199797
905769481912 4200197
90576987 217122001 2
90577063 114 72001 1
90577167 112 3199697
90577225 112 9199997
90577259 112 4199797
90577712 114 11998 1
90577712 121 6199997
90577712 131 4200097
90577712 145 7200297
90577964 21511200197
90578044 111 5199797
90578044 124 61999 1
90578044 135 6200297
90578105 114 62000 1
90578404 114 12001 1
90578404 214 11998 1
90578404 224111998 1
90578461 514 82000 1
90578461 525 4200297
90578496 214 52000 1
90578505 11312199697
90578846 315 7200297
90578927 314111999 1
90578981 114111995 1
90579230 112 5199697
905792301412 1199997
905792301512 1199997
90579233 114 51998 1
90579944 114 41997 1
90579944 121 6200097
90579944 131 9200097
90579944 144 42001 1
90579967 214 22000 1
90579967 414 22000 1
90579990 115 2200297
90636252 111 3200197
90646128 114 91997 1
90646128 122 6199797
90676321 211 1199597
90676422 212 5199897
90676627 212 6199897
90678378 11210199597
90678378 124 82000 1
90678378 212 4199597
90710930 312 7199897
90712290 11512200197
90712290 214111999  
90712914 114 72000 1
90713702 114 22000 1
90714018 214121997 1
90714018 315 1200297
90714018 41211199597
90714022 114121999 1
90714022 124 62001 1
90714025 214 82001 1
90714232 214122000 1
90714245 114101998 1
90714918 114 11998 1
90715198 114 12000 1
90715987 312 5199997
90716352 512 6199897
90716352 712 1200097
90716990 314121999 1
90716994 512 7200197
90716994 615 6200297
90717167 114111995 1
90717167 124 11999 1
90718081 311 6200097
90718147 114 11997 1
90718207 112 6199897
90718268 114 11998 1
90718303 111 2199797
90718989 114 91998 1
90718989 124121999 1
90718989 311 7200097
90718989 321 1200197
90719972 312 7199797
91500186 111 8199697
91500186 714 82001 1
91500238 312 8199497
91504088 114 11999 1
91506147 111 1200097
91506305 517 92001 1
91506305 522 5199697
91506392 111 2199497
91506392 124 11996 1
91506392 134121998 1
91506727 112 5199897
91506727 124 62000 1
91506727 212 8199897
91506727 222 6200297
91506894 612 2200197
91506894 712 2200197
91506935 114 51999 1
91506946 712 9199997
91508026 114 81997 1
91508387 114121996 2
91508387 124 12000 1
91508439 714 51996 1
915084391614111999 1
91508526 211 8199897
91508944 214111999 1
91508948 114 81998 1
91540215 414101998 1
91540215 514 62001 1
91544201 212 4199997
91544302 315 2200297
91570110 214 92000 1
91570129 114102001 1
91570210 114 61996 1
91570210 214111997 1
91570210 224121998 1
91570291 11211199997
91570291 124 32001 1
91570524 111 3199797
91570524 124 91995 1
91570524 134111999 1
91570528 117112001 1
91570528 121 9199197
91570553 214121997 1
91570553 312 9200197
91570823 114121997 1
91570829 411 8200197
91570993 114 71995 1
91570993 124 41997 1
91571379 111 2200297
91571379 212 2200297
91571379 222 2200297
91571379 234 11998 1
91571605 612 3199897
91571605 622 4199997
91571610 114 51993 1
91571610 212 2199997
91571706 214111997 1
91571706 222 3199897
91571706 232 6199997
91571707 114 41996 1
91571707 311 4200197
91571807 114101998 1
91572040 211 6199997
91572040 311 6199997
91572076 114122001 1
91572076 124 31995 1
91572076 134 71996 1
91572076 144 71997 1
915721171014 42001 1
91572183 114 32001 1
91572190 114 61998 1
91572321 114 21997 1
91572328 114111998 1
91572346 114 81995 1
91572346 124 21998 1
91572381 114101997 1
91572387 114 11998 1
91572387 124 32000 1
91572389 111 2200097
91572389 12510200197
91572471 714 61999 1
91572841 211 6199897
91572841 22111199897
91572841 411 3199597
91572918 114 51997 1
91572918 21511200297
91572986 114121995 1
91572986 314121997 1
91573016 11211200197
91573248 115 8    97
91573259 114 52000 1
91573259 124 52000 1
91573320 11210199597
91573334 111 6199597
91573708 912 1200197
91574121 114 22002 1
91574231 611 1199597
91574231 623 2199497
91574399 211 1199997
91574696 114 11996 1
91574696 214 92000 1
91575083 114 71997 1
91575083 124 62001 1
91575085 414 21999 1
91575085 424 62000 1
91575127 312 2199797
91575127 514 82001 1
91575151 114 31999 1
91575194 31210199797
91575227 111 2199997
91575227 121 3199997
91575227 211 3200097
91575227 221 1200097
91575227 231 2200097
91575227 241 5200097
91575280 111 3199697
91575315 114101999 1
91575358 614 51999  
91575358 625 4200297
915753871411 5199697
91575420 315 9200197
91575627 113 5199997
91575627 122 2200097
91575628 411 4199997
91575940 11212199997
91575943 113 5200097
91575956 314 42001 1
91575992 312 7199897
91575992 512 4199997
91576270 31210199997
91576270 321 2200197
91576270 335 1200297
91576363 414112000 1
91576537 214 41998 1
91576561 112 6199897
91576561 714 62000 1
91576611 114 71998 1
91576611 124 21997 1
91576651 612 3199697
915766511214 22001 1
91576757 714 11997 1
91576919 114 11996 1
91576919 125 8200297
91576934 114 12000 1
91576934 124 72001 1
91576934 214 31995 1
91577183 112 7199897
91577183 122 2200097
91577284 113 8    97
91577284 123 8200197
91577414 114 62000 1
91577786 215 2200197
91578107 114111999 1
91578193 11110    97
91578193 124 41999 1
91578193 13110200097
91578197 614 32000 1
91578314 311 3200097
91578314 617 61996 1
91578314 714 61996 1
91578495 114111995 1
91578605 114 11997 1
91578605 214 31999 1
91578605 221 7200197
91578605 235 5200297
91578747 111 7200297
91578747 124122000 1
91579230 615 3200297
91579234 114 52001 2
91579234 124 62001 1
91579234 214 71998 1
91579246 114 71995 1
91579339 114121999 1
91579936 11110199897
91579936 12111200197
91579936 134 51998 1
91579942 315 2200297
91579964 314121998 1
91579993 214 61996 1
91579993 224 51999 1
91608475 114 82000 1
91676656 111 2200097
91678373 115 1200297
91710214 114 31998 1
91710214 214121999 1
91710339 111 1199997
91710339 124 91998 1
91710339 21511200297
91710915 114 61998 1
91710996 114 31999 1
91710996 314 52001 1
91712211 214112000 1
91712217 114 92001 1
91712314 514 32000 1
91712371 314 92000 1
91712371 414 51995 1
91712902 214 92000 1
91712908 314112001 1
91712918 314 82001 1
91712946 514122000 1
91713106 314 12001 1
91713190 514112000 1
91714335 114 92001 1
91714938 314 91998 1
91715280 115 6200297
91715952 414 82001 1
91715983 714 82001 1
91716161 81212200097
91716484 112 7200197
91716890 212 3199997
91716908 515 7200297
91716952 314 52001 1
91717169 114111999 1
91717862 114 31996 1
91717865 114 92001 1
91717916 515 1200297
91718080 114 51990 1
91718080 214 51990 1
91718080 314 51998 1
91718302 111 6200197
91718302 124 52000 1
91718320 114122000 1
91718368 214111999 1
91718960 111 9200097
91718960 214 22001 1
91718969 111 8200197
91719375 114 11998 1
91719936 114 32000 1
91719936 122 3199797
91719936 211 4200197
91719936 41510200297
917199361512 3199997
92316359 114 62001 1
92500081 111 7200097
92500081 211 3200197
92500119 114 12001 1
92500119 124 11999 1
92500386 31210200197
92500386 414 41997 1
92500386 511 4199697
92500618 112 3199597
92500618 124 11996 1
92500914 214111995 1
92500914 514 12001 1
92500970 114 12000 1
92500970 124 32001 1
92500970 411 4199497
92500970 424101995 1
92503208 314 82000 1
92504321 114121996 1
92504321 124 51999 1
92504321 135 5200297
92504901 112 2200197
92504901 122 9200097
92506022 115 3200297
92507952 614 42000 1
92507952 625 2200297
92507983 111 9199597
92507983 124 91995 1
92507983 214111997 1
92507983 314102000 1
92507983 415 5200297
92508223 714 91994 1
92508625 114102001 1
92540351 112 6199897
92540351 124102000 1
92540559 114 42001 1
92540654 11210200097
92540654 122 2200197
92543208 114 31999 1
92546995 214 71999 1
92570084 114 21995 1
92570084 214 32001 1
92570188 111 6199897
92570188 122 2200097
92570396 115 5200297
92570698 114 92000 1
92570698 124 22001 1
92570722 114 71999 1
92570722 214 91997 1
92570978 111 9200097
92571208 312 4199697
92571208 512 3199997
92571271 214111999 1
92571271 614111999 1
92572061 115 4200297
92572101 214111999 1
92572223 113 9199897
92572226 112 5199597
92572226 124 11996 1
925722261312 8200197
92572267 114 91994 1
92572267 124 12001 1
92572300 117122000 1
92572321 11310200097
92572321 123 1199897
92572323 414 32001 1
92572323 424101997 1
92572348 414122000 1
92572382 114 71999 1
92572383 114 42001 1
92572383 121 4199997
92572397 115 1200297
92572408 114 21999 1
92572648 814101995 1
92572665 314 91999 1
92572669 214 62001 1
92572916 114 12000 1
92572918 114121995 1
92572924 113 8197797
92572989 117 51995 1
92572989 214112000 1
92573118 117 32002 2
92573690 211 2200297
92574018 114 12000 1
92574314 214 32001 1
92574701 114 11998 1
92574703 114 31994 1
92574794 214 71995 1
92574794 224121999 1
92574808 114 72000 1
92575023 214 71997 1
92575023 223 8199597
92575033 112 4199997
92575033 212 1200097
92575033 312 3200197
92575121 114 31997 1
92575121 212 6200097
92575121 311 8199897
92575222 113 8200197
92575222 51312199797
92575231 114101996 1
92575237 111 3199697
92575263 312 9200197
92575297 312 5200197
92575351 311 1200297
92575381 114 91997 1
92575421 214 22001 1
92575434 214 61995 1
92575434 221 7199697
92575434 234 61995 1
92575434 814112000 1
92575526 311 8199897
92575807 713 5199697
92575959 117 81996 1
92575959 125 6200297
92575995 41112199897
92575995 612 3200197
925759991412 8200097
92576033 412 2199997
92576037 111 7200097
92576037 214 31997 1
92576288 114 72001 1
92576472 212 9199797
92576516 211 6199697
92576516 314 81997 1
92576516 324 42000 2
92576555 111 1199597
92576555 21112199597
92577065 514 71999 1
92577065 521 8199897
92577112 714121998 1
92577112 725 7200297
92577161 114 62000 1
92577161 214121997 1
92577581 112 8199797
92577787 313 8199397
92577787 324101994 1
92577864 314 92000 1
92577982 114 71998 1
92578161 314 61998 1
92578411 214 11999 1
92578411 224111999 1
92578428 314102000 1
92578562 114 81998 1
92578580 115 9200297
92578580 215 4200297
92578722 614 82000 1
92578722 625 4200297
92578907 112 6199997
92578907 127 22000 1
92578907 217 41995 1
92578969 114 61999 1
92578995 114 21998 1
92579179 117 42001 2
92579268 714 42001 1
92579292 114 72001 1
92579943 114 61995 1
92579943 124121996 1
92579943 134 32001 1
92579960 114111998 1
92579960 51210199897
92579965 112 2199997
92579970 114 42000 1
92579970 214 62001 1
92579979 112 1199597
92579979 124 21997 1
92579979 132 8199897
92579979 144121999 1
92579987 311 8200097
92579991 21110200197
92579992 214 22000 1
92606325 111 1    97
92606325 215 6200197
92606325 311 2200297
92608078 312 8200097
92614170 211 6199797
92614170 222 5199897
92614170 314 62001 1
92614372 111 4199697
92614372 214 41999 1
92676556 214121996 1
92710111 214 82001 1
92710916 114 32000 1
92711067 711 8200097
92712276 114 51997 1
92712276 121 9200097
92712391 114 52001 1
92712919 117 11999 1
92712998 114112000 1
92713293 115 4200297
92714112 111 2199697
92714112 123 4199797
92714687 114 62000 1
92714687 124 42000 1
92714917 114 91999 1
92714917 214 42001 1
92714942 714102000 1
92714942 814102000 1
92715956 217 72001 1
92715980 116 6200197
92716167 114 42001 1
92716897 514 51998 1
92716897 524102000 1
92716897 712 9200197
92716976 31110199397
92716976 322 6199597
92716985 114 52001 1
92717166 114 91995 1
92717166 314 92001 1
92717368 114 81998 1
92717368 124 81999 1
92717862 114 82001 1
92718265 114 41998 1
92718324 112 4200197
92718324 412 4200197
92718370 714 92000 1
92718370 726 7199997
92718922 711 1200097
92718925 114 31999 1
92718925 211 4200197
92718978 212 4199897
93316052 114111998 1
93374975 612 1200097
93500815 114 41998 1
93500815 124 92001 1
93500972 11212199597
93500972 121 9199597
93500972 133 7199697
93500972 514 82000 1
93500972 525 1200297
93503201 414121999 1
93503201 425 4200297
93504823 114121999 1
93504990 614 61999 1
93506150 314 82000 1
93506242 314 71999 1
93506242 324 82001 1
93506345 114111998 1
93506345 212 9200197
93506345 22       97
93508287 114 91995 1
93508287 214101998 3
93508287 224 61997 3
93508287 234 22001  
93508463 11210199597
93508463 21210199597
93508767 113 8200097
93544923 114112000 1
93548877 114 21996 1
93570223 211 6200097
93570226 114 12000 1
93570226 214 71996 1
93570384 114 31996 1
93570384 41111199897
93570396 214 32002 1
93570432 211 7199997
93570695 114 71998 1
93570696 114 61997 1
93570696 124 81998 1
93570696 134 72001 1
93571060 114 21993 1
93571060 124 21999 1
93571205 11510200197
93571475 11211199797
935719111012 4199597
93572199 312 8200197
93572199 325 7200297
93572276 114 91995 1
93572284 111 1199797
93572284 124 52000 2
93572369 114 81996 1
93572371 31111200197
93572668 114 31999 1
93572941 111 1199697
93572941 124101997 1
93572941112       97
93572948 314111998 1
93572948 712 9199397
93572971 114 41994 1
93572971 124 81998 1
93572971 312 4200197
93573115 114 71996 1
93573115 214 62000 1
93573118 211 5199797
93573190 114 91998 2
93573190 124 42000  
93573223 117102001 2
93573631 114101999 1
93573694 714 82001 1
93573942 114 81996 1
93573942 311 4200197
93573945 414 31999 1
93573945 424 32001 1
93573949 114 91999 3
93573949 124111997 1
93573949 134111995 1
93573951 51210199997
93573994 114121998 1
93573994 212 6199397
93574023 114 61995 1
93574023 124111997 1
93574023 134 61999 1
93574023 144102000 1
93574109 611 6199997
93574247 314102000 1
93574336 114 82000 1
93574818 114102002 3
93574917 214 91999 1
93575084 514 31999 1
93575158 314 81998 1
93575244 214 32001 1
93575287 117 61998 2
93575287 124 91998 1
93575287 131 1199897
93575287 141 5199997
93575309 214 21999 1
93575329 312 6200097
93575336 11110199997
93575354 114 81997 1
93575354 124 52001 1
93575385 414 12000 1
93575392 114 91996 1
93575392 714 91996 1
93575395 211 2199897
93575395 222 8199997
93575395 23211200097
93575621 113 5200197
93575624 414 81996 1
93575625 212 7199897
93575948 21111199897
93575948 22212199997
93575980 114 31999 1
93575980 214112001 1
93575998 214 71996 1
93576009 214111999 1
93576009 224 62001 1
93576206 514122000 1
93576251 114121995 1
93576458 31111199797
93576458 324 91998 1
93576493 115 7200297
93576741 212 4199897
93576898 113 7200197
93576898 123 1200097
93576924 415 2200297
93577126 11212199997
93577151 114 21996 1
93577151 124111999  
93577157 114 91996 1
93577157 124 62000 1
93577953 214 61998 1
93578082 214 62000 1
93578101 111 1200097
93578101 122 5199697
93578101 134 31995 1
93578101 144 81998 1
93578101 154 42001 1
93578168 111 6199897
93578217 111 2199997
93578315 714 22001 1
93578500 111 4200097
93578500 121 5200197
93578500 214 52001 1
93578507 112 3199697
93578507 211 9199997
93578507 222 3200097
93578537 214 31998 1
93578537 22212199897
93578537 315 2200297
93578693 114111999 1
93578741 112 1200197
93578897 414102001 1
93578897 424 52000 1
93579266 114121999 1
93579267 111 9200097
93579267 215 5200297
93579273 214 71977 1
93579273 314 81999 1
93579278 414 52001 1
93579292 114 61996 1
93579293 314 21998 1
93579293 412 8199997
93579298 314 91998 1
93579333 114111998  
93579333 124 12001 2
93579336 114 92000 1
93579336 124 91997 1
93579379 114 31998 2
93579379 124 81999 1
93579948 11511200197
93579949 114 21996 1
93579959 414 12001 1
93579977 114111997 1
93579977 314111997 1
93579994 514102000 1
93593001 11310200197
93608178 21511200197
93624272 214 91999 1
93624272 224 62001 1
93624972 112 8199797
936249721112 2200297
93676125 212 5200197
93678779 214 42001 1
93710235 11512200297
93710876 212 3200097
93712210 314122000 1
93712270 11511200197
93712910 214 61998 1
93712910 224 12000 1
93713294 11310200097
93714010 114 81998 1
93714017 315 6200297
93714017 514 11999 1
93714017 524 42000 1
93714111 111 8199997
93714190 112 2199997
93714190 124 92001 1
93714236 31212199897
93714236 322 3199997
93714292 114111999 1
93714292 31110199997
93714292 321 9200097
93714292 33111200097
93714292 34512200197
93714292 415 5200297
93714398 611 3200097
93714398 621 5200097
93714896 114 82000 1
93714914 114121999 1
93714914 124 22001 1
93714914 214 51998 1
93715253 211 6200197
93715922 111 9199997
93715922 121 8199997
93715922 136 7199797
93715922 147 91996 1
93715922 152 8199797
93715922 161 3200097
93715922 171 3200097
93715922 211 3200097
93715933 111 3200297
93715937 11212200097
93715937 21212200097
93716333 111 8199997
93716352 112 8199697
93716352 214 71999 1
93716911 112 6200097
93716970 31211200097
93716975 515 9200297
93716993 111 7200097
93717060 214111999 1
93717464 114 71999 1
93717958 11112199697
93717967 21110200197
93718100 114111995  
93718312 215 4200297
93718312 314 11997 2
93718312 414 11999 1
93718316 114122001 1
93718377 41       97
93719971 314 42001 1
94500874 214 41999 1
94500874 224 42000 1
94500925 114101996 1
94500925 124 71999 1
94500925 134 82000 1
94503902 115 7200297
94503909 114        
94503909 124 41999 1
94504223 114 91998 1
94504223 214 12002 1
94504223 222 2200197
94504223 232 7200197
94504408 112 7199797
94504408 125 5200297
94504728 114 51995 1
94504728 214121998 1
94504828 114111994 1
94504828 214101998 1
94504994 114 21994 1
94504994 124111997  
94504994 133 2200197
94504994 214 41994 1
94504994 314101992 1
94504994 324111994 1
94506049 11310199897
94506049 12510200197
94506271 912 5199897
94506271 924 61999 1
94506271 932 3200097
94506321 114 81995 1
94506340 114 31999 1
94506999 112 6199797
94507152 211 2200097
94507214 111 9199697
94507214 121 9199597
94507214 131 9199797
94507214 146 9199597
94507214 214 51998 1
94508068 112 4199797
94508423 11211199997
94508662 212 2200197
94540213 114 81996 1
94540213 214 42000 1
94540213 224 91999 1
94570078 11611199597
94570078 121 5199597
94570078 211 3199597
94570078 221 4199597
94570078 317 42000 2
94570078 324 42000 1
94570078 334 51999 1
945700831214 82001 1
945700832311 4199697
94570220 114 32001 1
94570476 211 4200197
94570476 225 6200297
94570527 114 41997 1
94570527 124 71998 1
94570696 514 31997 1
94570699 11111200197
94571010 114 71995 1
945710151214 62000 1
94571074 113 8199797
94571074 124 81998 1
94571160 314 32000 1
94571310 114 62001 1
94571367 214 51996 1
94571367 224 61997 1
94571367 234 72001 1
94571403 812 6199897
94571407 111 5199997
94571407 121 7200097
94571870 114 11997 1
94572046 412 9199897
94572046 71511    97
94572160 114102000 1
94572216 114 82001 1
94572285 11110200097
94572288 114111999 1
94572312 114121997 1
94572326 111 9200097
94572326 122 6199997
94572326 132 2200197
94572343 114 51999 1
94572380 314112001 1
94572385 114101997 1
94572385 12111200197
94572560 114122001 1
94572878 11110199697
94572878 214 51999 2
94572878 224 51996 1
94572912 114 72001 1
94572923 114 61998 1
94572923 124 92000 1
94572923 134 72001 1
94572929 114111997 1
94572929 214 81999 1
94572929 224102000 2
94572929 234102001 1
94572944 114 81999 1
94572944 124 42001 1
94572977 114 61995 1
94572977 214 61997 1
94572981 11212199997
94572988 114121997 1
94573693 114 92000 1
94573693 125 6200297
94573699 215 3200297
94573944 314121997 1
94573944 324 71999 1
94573957 31111199997
94573957 324 12001 1
94573957 333 7200297
94574105 114102000 1
94574112 114122000 1
94574112 124 22000 1
94574118 311 3    97
94574119 314 61996 1
94574140 312 1199997
945741401112 3200097
94574140112210200097
94574310 114121998 1
94574388 214 12002 1
94574494 112 5199797
94574729 211 2199997
94574729 224122000 1
94574729 315 5200297
94574743 111 1199897
94574815 414 22000 1
94575029 21212200097
94575029 514101996 1
94575076 114 52001 1
94575231 114 61997 1
94575333 214 61997 1
94575393 112 8199897
94575425 314 22002 1
94575622 114 42002 1
94575805 114 31997 1
94575805 124121998 1
94575868 214 11999 1
94575868 224 82000 1
94575907 214101998 1
94575920 214101998 1
94575940 314 92000 1
94575940 322 8200197
94575943 211 4200097
94576024 114 21994 1
94576154 114 21997 1
94576154 121 9200197
94576232 212 2200097
94576357 114101996 1
94576357 124101996 1
94576646 11211199697
94576646 314 72001 1
94576659 514 52000 1
94576659 525 5200297
94576685 112 5199597
94576685 414121996 1
94576685 424 81999 1
94576706 312 3199597
94576943 111 3199997
94576943 411 5199997
94576985 31510200197
94577082 31212199897
94577084 114 71997 1
94577084 122 3199897
94577084 131 6199897
94577084 216 5200197
94577181 214 71998 1
94577181 31110199797
94577361 114 91996 1
94577361 211 2199997
94577361 221 2200097
94577361 234 52001 1
94577452 114 32000 1
94577452 214 32000 1
94577981 112 4199997
94578088 114 22000 1
94578096 11110200097
94578096 12511200197
94578101 314 11998 1
94578142 114 52000 1
94578218 312 9199997
94578587 114 92000 1
94578587 214 81994 1
94578587 314 81997 1
94578780 212 4200197
94578804 114101997 1
94578881 111 6199897
94578881 121 2199697
94578881 131 6199797
94578899 114 12001 2
94578899 124111998 1
94578910 114 71994 1
94578910 124101997 1
94578910 134121999 1
94578921 115 1200297
94579176 114121998 1
94579176 121 4200097
94579179 114 72000 1
94579232 115 6200297
94579292 114 21997 1
94579292 121 4199997
94579292 131 6199997
94579292 141 1200097
94579292 154 21997 1
94579295 114121997 1
94579295 714 72000 1
945792951011 8199997
94579296 314 42000 1
94579296 325 5200297
94579375 114111996 1
94579375 31511200197
94579945 111 4199897
94579998 114121995 1
94579998 124 81999 1
94590955 314 91999 1
94614976 41211199997
94676929 112 5199697
94678273 514 62001 1
94710389 115 5200297
94710390 711 7200097
94710974 414 42001 1
94710989 517112000 1
94710989 521 8199997
94710999 111 1200097
94710999 12110200097
94710999 131 1200197
94711862 11211200097
94711862 415 1200297
94711862 515 1200297
94712917 214 21999 1
94712917 224 42001 1
94712990 114 32000 1
94712990 124 31999 1
94714022 114 42001 1
94714231 114 32000  
94714231 214102000  
94714394 114 22002 1
94715025 214122001 1
94715123 114 42001 3
94715123 124 42001 1
94715982 114 21998 1
94715982 414112001 1
94715982 424 62000 1
94715994 213 1199897
94715994 313 4200097
94715994 325 4200297
94716095 11212199897
94716095 12212199897
94716153 114 52001 1
94716153 214 51998 1
94716257 114 91998  
94716281 112 2200097
94716290 41       97
94716976 714 72001 1
94716987 114121999 1
94718027 612 8199897
94718105 314122001 1
94718284 214 82000 1
94718687 113 9199697
94718687 313 8199997
94719270 214 62001 1
94719933 112 8199897
94719936 314 11999 1
95500710 114 41996 1
95500710 124101999 1
95500815 113 8199697
95501960 117       1
95501960 134 22001 1
95501960 121 5200097
95506098 113 7200097
95506124 111 6200197
95506124 124 71999 1
95506154 114 21996 1
95506174 112 1199797
95506174 212 2200297
95506181 114 92001 1
95506181 212 5199897
95506309 612 6200197
95506426 115 5199597
95506684 114 91996  
95506684 213 5199997
95506684 224 92000 1
95507158 214 51998 1
95507158 314 51999 1
95548969 114 81999 1
95570097 314 42000 1
95570097 515 4200297
95570450 115 7200297
95570450 121 6200197
95570588 214 32000 1
95571112 414102000 1
95571160 215 2200297
955711601114 51998 1
95571679 112 6200197
95572073 114 12000 1
95572073 124 52001 1
95572405 114 71999 1
95572443 114101996 1
95572876 114 52000 1
95572876 124102001 1
95572917 114 72001 1
95572925 114121994 1
95572927 114 71996 1
95572927 124 41998 1
95572981 117 22000 2
95572981 124121995  
95572985 111 7200197
95572985 312 7199897
95573407 114 71997 1
95573407 124 31999 1
95573412 21111199897
95573957 11510200297
95574295 114121998 1
95574295 124101999 1
95574333 114 51997 1
95574333 124 91998 1
95574333 134 82000 1
95574615 114 91995 1
95574615 214 11999 1
95574617 215 7200297
95574638 114111998 1
95574733 114 52001 1
95574733 124 71997 1
95574733 134 21999 1
95574733 144 32000 1
95574790 117111995 1
95574790 127111997 1
95574790 217111996 1
95574790 221 1199997
95574804 112 4199597
95574804 124101999 1
95574937 114122001 1
95574944 314 62000  
95574944 325 6200297
95574998 114111993 1
95574998 124 61994 1
95574998 214 61996 1
95575014 112 8199597
95575014 314 42000 1
95575026 114 42000 1
95575026 122 3200197
95575026 312 3199797
95575026 414 91998 1
95575081 114 11997 1
95575081 124 71998 1
95575081 134 51999 1
95575329 513 2199997
95575351 411 4200197
955753571114 81999 3
955753571214 81999 3
95575621 71510200197
95575628 114 62001 1
95575941 51211200097
95575945 114 62000 1
95575945 122 5199697
95575945 131 7199997
95575982 114111999 1
95576034 112 8199797
95576034 124 62000 1
955760521411 7199897
95576158 112 3199697
95576447 113 6198097
95576482 112 4200197
95576815 214 11997 2
95576815 224 51999  
95577267 315 1200297
95577862 214 71999 1
95577926 311 3199997
955779261211 3199997
95578006 113 6200197
95578006 124101996 2
95578106 111 1200097
95578106 121 3197897
95578106 131 1200097
95578106 141 1200097
95578106 151 1200097
95578106 161 1200097
95578106 171 1200097
95578106 181 1200097
95578109 114 51996  
95578113 314 21996 1
95578206 214 91999 1
95578307 112 1199797
95578307 124 72001 1
95578380 114121995 1
95578380 214 91996 1
95578413 414 51999 1
95578413 424 92000 1
95578614 114 12001 1
95578818 114101999 1
95578886 114 81998 1
95578911 114 81997 1
95578939 113 6199897
95578948 114 81995 1
95578948 124 81997 1
95578948 214101999 1
95578963 214 91998 1
95579232 214 72000 1
95579234 114 71998 1
95579237 114 62001 1
95579332 111 9199997
95579379 114 41998 1
95579379 124 91999 1
95579960 413 9200197
95579978 114 71999 1
95579994 214 11996 1
95579994 224 11999 1
95593202 114 82001 1
95614178 114 51996 1
95614178 124 81999 1
95619465 114102000 1
95646127 112 4200197
95646127 125 9200297
95646127 212 1199797
95678275 114 91997 1
95711978 515 6200297
957119781011 4200197
95712312 112 3200197
95712317 214 52001 1
95713806 111 1199997
95714098 212 8200197
95714098 51110200197
95714226 314 51999 1
957142261215 3200297
95714230 212 2200097
95714230 314 42001 1
95714886 314 22002 1
95715097 112 8199797
95715097 12110200197
95715229 111 6200197
95715229 12   199897
95715229 211 6200197
95715229 224 32001 1
95715229 311 6200197
95715229 414 32001 1
95715323 114 22000 1
95715983 414 12000 1
95716191 112 4199997
95716191 122 6199997
95716191 134 82001 1
95716906 112 8199797
95717362 114101995 1
95717362 51212199997
95717362 614 21999 1
95717362 714101995 1
95717861 114 22001 1
95717861 121 1199997
95717861 131 8200197
95718107 111 7199697
95718215 114 12001 1
95718387 214102000 1
95718900 21212199797
95718900 312 7200097
95718925 31110200197
95718925 32511200297
95719930 11212200097
95719975 114 71996 1
95719975 124102000 1
95719975 211 5199897
95719977 414 62000 1
95719977 42512200197
96316453 114 21998 1
96374972 114 22000 1
96500070 114111998 1
96500070 214 72001 1
96500257 117 21994 1
96500282 114 41997 1
96500282 124 51999 1
96500282 214 11995 1
96504102 112 4199897
96504102 81212199997
96504296 114 62000 1
96504296 212 4199897
96504821 114102000 1
96504821 125 4200297
96506041 914 82001 1
96506041 924 81999 1
96506057 311 3199997
96506097 114 22001 1
96506122 114 71995 1
96506122 122 5199797
96506122 212 7200097
96506158 31210199997
96506274 312 2200197
96506282 215 5200297
96506449 115 9200197
96506449 125 9200197
96506722 112 8199897
96506722 124 52000 1
96506722 135 2200297
96508285 214121997 1
96508285 224121999 1
96508974 114 91999 1
96540219 114 22001 1
96540219 122 3199997
96570059 114 31999 1
96570059 215 4200297
96570085 111 3200097
96570188 114 31997 1
96570188 124 32000 1
96570213 114121998 1
96570285 117101997 1
96571008 414102000 1
96571008 425 1200297
96571113 41112200197
96571272 415 3200297
96571373 414 32000 1
96571565 114 91997 1
96571565 315 4200297
96571818 114112002 1
96571874 114 91995 1
96571874 212 9199997
96571911 314 31999 1
96571911 414101995 1
96571911 51110200197
96572177 214 82001 1
96572286 314 92000  
96572286 324 12001  
96572318 514102001 1
96572319 214121999 1
96572319 224121999 1
96572388 114111997 1
96572388 124 52000 1
96572441 414 22000 1
96572477 11112199897
96572477 124 21998 2
96572477 134101999  
96572648 214 41999 1
96572906 214 81997 1
96572915 214 32001 1
96572923 114101997 1
96572923 124 32001 1
96572923 13511200297
96572976 114 41996 1
96572976 121 7200197
96572976 134 42000 1
96572976 145 9200197
96573014 112 2199797
96573014 314 82001 1
96573108 114 81995 1
96573219 212 9199597
96573219 314 72000 1
96573257 115 2200297
96573291 114 42001 1
96573436 114 81999 1
96573436 124 72001 1
96573617 114121998 1
96573617 124102001 1
96573891 314 12002 1
96574390 412 2199997
96574390 424 92000 1
96574395 114 41997 1
96574411 214121999 1
96574411 314121995 1
96574419 314 72001 1
96574419 324 11999 1
96574419 331 2199897
96574438 11512200197
96574438 214 21993 1
96574590 114 61998 1
96574590 122 6200197
96574615 111 6199697
96574615 213 2199997
96574616 11312199797
96574616 122 1200097
96574632 114 31999 1
96574632 124 92000 1
96574805 212 8199697
96575017 112 5199697
96575017 122 5199797
96575156 114 11999 1
96575157 314 61995 1
96575157 324 21998 1
965751591314 41999 1
965751591511 6200197
965751591612 9199497
96575187 114 52000 1
96575244 114122001 1
96575249 214 32001 1
96575249 314111997 1
96575286 31112200097
96575289 314112000 1
96575289 325 4200297
96575298 112 7199797
96575298 122 1199997
96575298 212 8199997
96575298 224 92000 1
96575298 235 2200297
96575384 215 3200297
96575391 112 5199897
96575428 114 91996 1
96575428 614 72000 1
96575949 112 8199897
96575949 124 41999 1
96575995 112 2199797
96575995 212 5200197
96576167 114 22001 1
96576287 212 3200197
96576639 117 91999 2
96576639 124112000 2
96576723 214101997 1
96576750 21110199697
96576750 614 22001 2
96576750 624102001 1
96576922 114112000 1
96576922 125 8200297
96577263 114 81999 1
96577322 112 4199897
96577687 114 61996  
96577687 126 6199697
96577687 136 5199697
96577687 141 6199697
96577687 154 11996  
96577687 161 6199697
96577687 175 6199697
96577964 314 82000 1
96578080 714101996 1
96578239 114121997 1
96578239 124 21994 1
96578283 114 61994 1
96578283 314 81998 1
96578431 114 61997 1
96578483 114112000 1
96578484 117122001 3
96578582 114102000 1
96578900 214 32002 1
96579230 114 22001 1
96579265 414 82001 1
96579270 114 91998 1
96579296 914 61998 1
96579330 112 2199497
96579332 115 6200197
96579930 114101997 1
96579930 124 91998 1
96579944 114 91999 1
96579966 315 3200297
96579970 114 22001 1
96579970 12512200197
96579979 114 12001 1
96579979 121 5200097
96579979 13210199997
96619469 31510200297
96636356 11110199697
96676258 21212200097
96676258 312 7199997
96676423 112 7199797
96676958 114 91997 1
96676958 124101999 1
96676958 13510200197
96710152 114111998 1
96710152 124 12000 1
96711076 212 8199997
96713094 11511200297
96713133 212 7200197
96713293 114122000 1
96713395 111 4200197
96714216 114111999 1
96714232 312 1200297
96714232 415 7200297
96714240 114101997 1
96714240 124 91999 1
96715228 11310199997
96715287 411 1200097
967152871015 2200297
96715289 615 5200297
96715927 117122000 1
96715927 317122000 1
96715935 11111199897
96715935 614 22001 1
96715935 625 8200297
96715938 412 5200197
96715998 91212200097
96715998 92212200197
96716015 715 4200297
96716089 414 72000 1
96716089 424 12002 1
96716152 614 51995 1
96716334 117 12001 2
96716334 124 31997 1
96716334 132 9199797
96716334 14212199997
96716334 15       97
96716903 311 5200097
96716904 21210200097
96716930 11510200197
96716974 615 3200297
96717160 111 3199897
96717160 121 9200097
96717160 211 3199897
96717160 221 9200097
96717915 114 21997 1
96718148 214101996 1
967181721214102001 1
96718207 112 3199797
96718207 124 52000 1
96718212 112 3199697
96718212 211 3199997
96719375 114102000 1
96719375 214102000 1
96719937 214 61998 1
97500273 114 11996 1
97500273 124 51998 1
97500519 114121997 1
97500651 111 5199797
97503234 21111    97
97503839 514 81998 1
97504202 312 2199997
97504304 61211199897
97504304 622 2    97
97504304 636 5200097
97504304 642 9200197
97504342 114101996 1
97504342 212 3200197
97504703 114 31998 1
97506047 111 1200097
97506156 214 81998 1
97506332 112 6200197
97506332 214 71997 1
97506332 312 1200097
97506336 114 11997 1
97506336 124 61998 1
97506336 134122001 1
97506775 414102000 1
97508280 114 12000 2
97508280 124 12000  
97508280 134 11998 1
97508280 144 11996 1
97508283 112 1    97
97540051 212 6199797
97540051 222 8199897
97543200 11311199997
97543200 12310200197
97570058 114 31996 1
97570089 112 5199397
97570089 124 61999 1
97570213 112 4199897
97570213 514 12000 1
97570213 524 62001 1
97570490 114 41999 1
97570714 114 51999 1
97570714 124 82000 1
97570714 134102001 1
97570892 114 21996 1
97570892 124 41998 1
97570892 214 72001 1
97570938 114 62001 1
97571960 114 32000 1
97572009 115 3200297
97572043 414 72001 1
97572071 114 31996 1
97572071 211 1199597
97572078 114111999 1
97572078 124101998 1
975721021015 3200297
97572145 11211199697
97572191 112 4199797
97572216 117 51999 1
97572216 121 9199597
97572221 714 61998 1
97572221 724 52001 1
97572292 114 81997 1
97572292 514 21995 1
97572313 114 11998 1
97572362 312 2200097
97572381 113 4200197
97572861 515 5200297
97572921 111 4199897
97572921 124 21999 1
97572926 117 12001 1
97573612 711 7200197
97573612 721 7199997
97573612141       97
97573612142       97
97573910 114112000 1
97573933 112 9199797
97573933 122 4199597
97573933 132 8199497
97573933 142 1199497
97573933 152 3199397
97573933 162 7199297
97573933 172 1199297
97573953 114 22001 1
97574089 214 12000 1
97574126 414101995 1
97574407 112 8199997
97574407 122 4200097
97574413 214 91997 1
97574413 41512200197
97574498 111 1200197
97574649 115 9200297
97574739 114 41998 1
97574739 124 41998 1
97574739 134 41998 1
97574815 214 61998 1
97574815 224 22001 1
97574815 234 82001 1
97574835 214 51998 1
97574835 314111999 1
97574839 114 61997 1
97575092 112 8199897
97575092 12212199997
97575092 132 3200197
97575130 114111999 1
97575153 614102000 1
97575324 214 51999 1
97575339 112 7199997
97575366 114 51999 1
97575366 124 52000 1
97575366 134 82001 1
97575398 112 7199697
97575398 121 9199897
97575398 134 42001 1
97575463 214 92001 1
97575529 21212200097
97575924 61210200197
97575946 114 12000 1
97575946 124 12001 1
97575946 311 7199697
97575956 111 1199497
97575956 124 11995 1
97575956 214 81999 1
97575987 114 21995 1
97575994 514102001 1
97576051 114 22000 1
97576061 115 5200297
97576140 114 41998 1
97576140 12211200097
97576148 112 9200197
97576289 214 31999 1
97576411 612 9199797
97576411 624 11998 1
97576451 114 61993 1
97576451 124 71995 2
97576451 134 21999 1
97576486 212 9199597
97576667 114 42000 1
97576924 114 92000 1
97577865 113 1200197
97578005 117 61996 2
97578122 31112200197
97578122 32       97
97578122 714 31998 1
97578298 114112000 1
97578314 112 2199897
97578366 114 31998 1
97578366 124 21999 1
97578366 214 61996 1
97578496 114121998 1
97578695 114 92001 1
97578883 114 92000 1
97578911 314 81997 1
97578911 417 41999 1
97578911 424 62000 1
97578911 434 52001 1
97578980 114 91997 1
97579232 112 4199697
97579232 214 72001 1
97579237 214 21998 1
97579238 11211199797
97579263 111 3200097
97579263 121 6200197
97579274 114121999 1
97579938 114 71997 1
97579967 212 6200097
97579987 214 12000 1
97579992 117101996 1
97579992 127121999 1
97579992 137 42001 1
976081781311 2200097
976081781914 82001 1
97608972 114 41997 1
97614777 212 8199597
97614777 314 51998 1
97646225 211 7200197
97678274 114111999 1
97710114 211 5200197
97710183 81111200097
97710183 821 1200197
97710183 831 2200197
97710215 114 92001 1
97710486 114 31998 2
97710486 124 31997  
97711065 114121998 1
97711065 124 62001 1
97712240 414112000 1
97712349 114 61995 1
97712349 124 81997 1
97712349 134121999 1
97712990 114101997 1
97712999 115 3200297
97713404 114 51999 2
97713404 124 42001  
97713607 114 31999 1
97713607 214 31999 1
97714018 214112001 1
97714018 22111200097
97714046 111 4199797
97714046 124 11999 1
97714046 134 62000 1
97714119 41512200197
97714214 314 71997 1
97714894 511 8200097
97714894 524 72001 1
97715120 112 7199997
97715124 114101999 1
97715124 12111200197
97715124 13210200297
97715354 314111998 1
97715354 324 32001 1
97715952 114111998 1
97715953 112 4199997
97716098 211 7200097
97716098 315 5200297
97716153 116 4199597
97716162 211 6200197
97718185 214111999 1
97718185 512 6200197
97718212 115 2200297
97718212 12311200097
97718215 11112200197
97718886 111 2200197
97718910 21512200197
97718940 211 5199897
977189401011 7200197
97718960 114 32001 1
97719278 114 31996 1
97719278 122 8199697
97719278 134 12000 1
97719278 144 12001 1
97719936 114 71997 1
98316359 212 5200097
98500510 114 61995 1
98500510 121 6199697
98500510 131 4199797
98500510 14112199897
98500510 156 1199797
98500510 16111199597
98500510 211 1199897
98500510 22110199797
98500510 414 61995 1
98500988 214102000 1
98503002 114101997 1
98503032 114 91995 1
98503032 315 3200297
98504406 112 1199697
98504406 122 4199597
98504406 132 7199597
98504406 214 41999 1
98504406 512 5200097
98504406 525 6200297
98504806 312 7200097
98506180 414102001 1
98506355 214101997 1
98506355 224 91999 1
98506356 312 6199797
98506356 324 41998 1
98506425 114101997 1
98506629 115 9200197
98508322 114 81994 1
98508322 124102000 1
98508823 111 3200097
98508823 121 3200097
98508823 134 22001 1
98544206 212 3200097
98546321 115 6200197
98570080 214 52001 1
98570080 225 9200297
98570122 111 6199797
98570122 125 3200297
98570122 214 41994 1
985703851514102000 1
98570388 114 62000 1
98570388 124 92001 1
98570388 214 62000 1
98570388 314 92001 1
985703991712 8200097
98570474 11111200197
98570474 214112000 1
98570923 514102000 1
98570923 615 6200297
98571012 514102000 1
98571014 114 81998 1
98571014 214 82000 1
98571107 411 1200297
98571272 212 7200197
98571272 224 91999 1
98571272 234 91999 1
98571272 24211199997
98571878 112 4199697
98571878 122 6199797
98571878 612 7199897
98571878 624122000 1
98571878 912 5200197
98571971 214 11997 1
98572077 214 22000 1
98572173 115 3200297
98572266 111 4199997
98572348 514 62000 1
98572368 114 21999 1
98572373 214101997 2
98572373 224101997 1
98572373 614 41996 1
98572379 114122000 2
98572379 124 71999 1
98572448 114101999 1
98572448 125 6200297
98572980 714 82000 1
98572980 724121997 1
98572981 11510200197
98573012 114 41994 1
98573017 11212199797
98573019 411 5200197
98573943 715 9200297
98573959 211 6199597
98573959 224 81995 1
98573959 234 71997 1
98573959 614 91999 1
98574034 114121995 1
98574034 312 8200197
98574106 214 11999 1
98574193 314 71999 1
98574218 114 11997 1
98574230 214 11996 1
98574230 224121998 1
98574230 234 82001 1
98574339 511 3199697
98574387 714 31999 1
98574491 111 6200097
98574491 121 9200097
98574491 134 82001 1
98574498 212 3199797
98574498 314 82000 1
98574727 114112000 1
98574806 714 62000 1
98574806 724 51998 1
98575036 214 21997 1
98575036 224 72001 1
98575113 314 51998 1
98575113 61212199697
98575122 314 91995 1
98575122 324111999 1
98575150 214 72001 1
98575175 512 1199997
98575190 212 9199797
98575386 114 51999 1
98575386 214102000 1
98575623 111 6199997
98575948 114 91999 1
98575948 814 22000 1
98575954 514 91997 1
98576313 114111998 1
98576545 414 62001 1
98576946 112 7200097
98576952 111 5199997
98576952 124 82001 1
98577061 117121998 2
98577061 124 12002 1
98577161 114122001 1
98577169 712 6199797
98577181 113 1199897
98577181 124 11998 2
98577259 214 42000 1
98577259 222 5200197
98577924 112 8199797
98578291 114112000 1
98578299 114 41999 1
98578334 114 22001 1
98578334 121 4200197
98578381 111 5200097
98578381 12511200197
98578381 411 3199997
98578381 421 3199997
98578397 114 31999 1
98578417 111 4199997
98578417 214 82001 1
98578417 514 31997 1
98578417 614 82001 1
98578432 511 3199897
98578432 524 11999 1
98578432 534 92001 1
98578495 114 91998 1
98578504 111 7199497
985787471314 42001 1
985787671214 91999 1
985787671311 6199097
98579239 112 9199797
98579930 114 31998 1
98579930 214 41996 1
98579930 315 3200297
98579937 311 3200197
98579939 111 9200197
98579939 214 11998 1
98579939 314 91999 1
98579963 214 41998 1
98579963 224112000 1
98579976 214 11995 1
98579976 614 11995 1
98579979 114 21998 1
98676254 114 61995 1
98676254 124 31997 1
98710175 114112000 1
98710195 114111999 1
98710195 122 1200197
98710195 135 8200297
98710292 21110200097
98710292 221 5199997
98710650 111 3199997
98710991 414 72001 1
98712214 114 21999 1
98712214 214 72000 1
98712214 224102001 1
98712216 315 3200297
98712218 114 11999 1
98712976 314 32000 1
98712976 325 1200297
98714242 111 1199697
98714242 314 91998 1
98714242 32110200097
98714380 114101997 1
98715955 114102001 1
98715955 216 3    97
98715955 314102001 1
98715955 414102001 1
98715980 115 9200297
98715983 214 91999 1
98715983 915 2200297
98717259 114 82001 1
98718269 214 52001 1
98718270 114 42001 1
98719270 114 62000 1
98719932 114 82001 1
99500087 114 91995 1
99500115 114 71998 1
99500228 111 7199397
99500228 121 8199497
99500276 115 5200297
99500417 414 51995 1
99500857 114121996 1
99503801 21111199697
99504049 314 52000 1
99504049 714 52000 1
99504205 11212199897
99504205 122 8199997
99504420 114 41995 1
99504849 117 52001 1
99504849 127 42001  
99506149 114 62001 1
99506266 815 6200297
99506342 114111999 1
99506342 122 8200197
99506360 114101998 1
99506360 125 3200297
99506487 114111995 1
99506487 214 62000 1
99506981 114 42001 1
99507018 111 5200097
99508120 114 32001 1
99508120 314 91996 1
99508327 114111998 1
99508327 124 42001 1
99508430 611 9199997
99508430 624 11998 1
99508568 114 61996 1
99508568 214121999 1
99508568 224122000 1
99508721 117 31994 1
99508721 127 61996 1
99508721 137 11998 1
99508928 214 62000 1
99508928 224 72001 1
99543509 114 51998 1
99543509 124 51999 1
99570022 41210200197
99570176 114 41999 2
99570176 124101997 1
99570390 714 62001 1
99570393 115 6200297
99570679 112 5199997
99570679 211 1200297
99570679 312 4199997
99570725 114 41997 1
99570726 111 7199897
99570726 61212199997
99570850 113 9199797
99571170 114 61995 1
99571301 314 91997 1
99571314 311 3199797
99571314 614 31998 1
99571419 112 3199697
99571419 211 9200197
99571660 114 21995 1
99571660 214 11999 1
99572110 314 32001 1
99572221 114 81999 1
99572221 124 82000 1
99572283 111 3200197
99572326 114 32001 1
99572326 124101998 1
99572326 13112199997
99572367 11112199597
99572367 314 11997 1
99572367 411 2200097
99572367 424 12001 1
995724671214122000 1
995724671414 52001 1
995724671514 52001 1
99572472 414101999 1
99572662 114 42001 1
995728751014101999 1
99572924 112 3199697
99572984 214 72001 1
99573116 314 12000 1
99573216 114 61997 1
99573216 121 5199997
99573216 134 12001 1
99573253 114 62001 1
99573254 811 9199897
99573254 824 22000  
99573254 834 32001 2
99573257 117 61998 1
99573257 124102000 1
99573258 114 61999 1
99573258 124112000 1
99573258 135 6200297
99573314 11312199997
99573314 125 4200297
99573637 314111999 1
99573637 414111999 1
99573817 112 3199797
99573943 514 82001 1
99573944 114 31999 1
99573948 214102001 1
99573952 514 52000 1
99573953 11112199597
99573953 414 51999 1
99573998 414101998 1
99574116 117 51996 1
99574116 127 11998 1
99574116 137 92000 1
99574199 114 41999 1
99574199 124102000 1
99574415 114 62000 1
99574415 124 72001 1
99574437 114 51997 1
99574437 124 91999 1
99574499 114 11994 1
99574499 121 3199797
99574499 134 31998 1
99574538 114121999 1
99574615 111 3199597
99574615 121 4199897
99574644 114 61998 1
99574808 512 5199997
99574912 414101993 1
99575019 112 4199997
99575019 122 8200097
99575034 214 11998 1
99575096 414111999 1
99575131 114 41999 1
99575154 314 62000 1
99575186 214 51999 1
99575186 22512200197
99575242 314 21996 1
99575242 322 3199897
99575259 214101999 1
99575259 224 22001 1
99575329 117 42001 1
995753811514 51998 1
99575529 115 5200297
99575626 212 5200197
99575940 114 22001 1
99575947 112 7200097
99576055 814 91998 1
99576112 212 5199897
99576168 11212199897
99576168 122 6199997
99576168 312 5200197
99576347 114 91997 1
99576456 11212199697
995764561212 6199497
99576542 412 1200197
99576542 423 1200197
99576580 115 4200297
99576580 121 2199997
99576580 134 42002 1
99576818 414 72001 1
99576912 414101997 1
99576912 424 32002 1
99576938 314 31997 1
99577050 114 91999 1
99577358 113 3200097
99577550 412 5200097
99577658 812 1200097
99577658 822 6200097
99577658 83512200197
99577658191210199997
99577686 21511200297
99577882 114102001 1
99577882 124 11997 1
99577882 134121999 1
99577988 115 2200297
99578019 114121997 1
99578019 124 82001 3
99578019 211 4199997
99578031 41212199997
99578109 211 8200097
99578109 221 4200197
99578203 112 8199797
99578203 122 9199897
99578203 132 9199997
99578203 142 1200097
99578203 15210200097
99578289 314 61999 1
99578365 114 91993 1
99578365 124111994 1
99578365 134 31998 1
99578365 144 91993 1
99578522 112 3199897
99578522 312 4199497
99578693 114111997 1
99578742 114 32001 1
99578941 114 32001 1
99579176 412 8200197
99579241 314 41997 1
99579241 324 51998 1
99579241 334101999 1
99579242 217 11995 3
99579242 227 71998 1
99579242 234 52000 1
99579243 314 72000 1
99579243 324 72001 1
99579939 114 32000 1
99579939 12211200197
99579947 311 6200097
99579979 315 3200297
99579997 114101998 1
99590351 114 52000 1
99619465 114 22002 1
99619966 214 61997 1
99619966 314 81999 1
99636350 514 92001 1
99678677 514 91998 1
99710038 214 32000 1
99710084 114111999 1
99710084 21210199597
99710319 114 71996 1
99710319 124101999 1
99710689 211 6199897
99711176 115 3200297
99712210 111 8199697
99713501 113 8199997
99713999 111 2200297
99714927 112 3199697
99714927 61211199897
99714942 214 32000 1
99715251 114121997 1
99715365 211 5200097
99715365 311 4200197
99715932 314 42000 1
99715934 115 7200297
99715954 114 52001 1
99715954 124 52001 1
99715954 132 2199897
99716258 11210199997
99716396 112 9199897
99716396 212 8    97
99716396 222 6199997
99716396 314122000 1
99716396 324102001 1
99716892 212 3199897
99716892 314 61999 1
99716892 325 7200297
99716979 212 4199997
99717365 114 21999 1
99717911 114 42000 1
99718016 214 21997 1
99718041 11211199697
99718088 114112001 1
99718104 714 32000 1
99718305 114 52001 1
99718305 124 71999 1
99718925 114 12001 1
