 929.783102
 808.507103
 467.236104
 586.711107
 694.539108
 463.859109
 549.519110
 283.471111
 190.921113
 225.303114
 339.166115
 242.634116
 176.740118
 180.972119
 199.518120
 181.997121
 266.024122
 249.107123
 179.282124
 233.385125
 165.491126
 152.679127
 202.127128
 285.533129
 117.387130
  92.639132
 130.029134
 194.706135
 109.968136
 143.600140
  93.097141
  35.891142
  89.105143
  61.302145
  50.152147
 150.280148
  86.293150
  78.731151
 114.112153
  64.503154
 155.745155
 125.478156
  64.633157
 136.401158
 150.921159
  62.884160
  85.434161
  78.856163
 133.881165
  70.470166
 158.345167
 128.221168
  65.895169
  41.977171
  89.834172
  64.613173
  76.025174
 114.788175
  61.331176
  68.366177
  40.834178
  52.060179
  37.796180
 227.550181
 630.848182
 124.554185
  36.986186
  65.892187
 160.412188
 600.640189
 197.140191
  72.064192
 120.372193
 184.612194
 105.141195
 603.819207
 565.542210
 349.055215
4170.133216
 181.893218
 186.248219
 205.336220
 187.304221
 273.781222
 525.391223
 184.509224
1587.019227
  80.275228
 133.820234
 103.114240
  88.967242
 152.839243
 156.273245
  89.188247
 154.662248
  89.697250
 162.054251
 117.439253
 258.581254
 160.286255
 161.904256
 177.934258
 155.321259
 194.151260
 183.059261
 103.805263
 551.139265
 336.772267
 162.195268
  87.868269
  55.104271
  81.025272
 126.345273
  68.990274
 118.135275
 743.116276
 180.618277
 116.374278
  75.851280
  67.689286
 111.971287
 165.089288
 148.330292
 189.995294
1289.711295
 368.486304
  93.598360
  99.517370
  49.364371
  58.294372
 576.107470
  58.844472
