57101310 11119711 7 62109710197999711
57101310 12119711 6 72009710197999711
57120046 11119711 6 4191 410197999711
57135078 12119711 8102209710197999711
57135078 41119711 7 51909700197999700
57135078 71119711 8102209710197999711
57154249 21119711 7 72109710197999711
57154249 23119711 710211 310197999711
57154779 11119721 6 89809710197999711
57154779 12119721 2 0 819811197999710
57154779 12219711 2151019811197999710
57157723 11119711 6 12109710197999711
57160648 4110 417 8142109710197999700
57165081 11119720 9 71809710197999711
57178110 11119711 8 51909710197999711
57191909 11119711 8 72209700197999711
57191909 12119711 9152109710197999711
57191909 21119721 8 92109700197999700
57200870 1110 221 6 41909710197999710
57211108 11119721 9 32109710197999711
57211108 12119721 9 32109710197999711
57212347 11119711 7 52109700197999710
57214806 61119711 8 32009701197999700
57217465 1110 617 8 5201 210197999711
57233403 11119721 7 8981 410197999711
57233403 12119711 8 8981 310197999711
57234514 12119721 8 31909700197999711
57241075 21119721 7 11909710197999712
57245293 11119721 7102209710197999711
57245315 11119711 6102109700197999702
57245315 21119711 5 42009700197999700
57245315 31119721 6 42109700197999700
57262270 11119721 8 81909700197999700
57265490 21119721 6142209710197999711
57275298 21119721 7 42009700197999700
88149345 12119711 7101909710197999711
88149345 14119721 5 6181 410197999711
88202138 11119711 7 22209700197999701
88249047 11119721 8 51309710197999711
88249047 1211971110 91409710197999711
90500516 52119721 7 11909710197999711
90500914 21119711 6 81809700197999700
90504142 22119721 810221 210197999711
90504248 11119721 7 69809710197999780
90504248 1121972098989809700197999781
90504248 1211972098989809700197999781
90506094 11119721 6142109710197999711
90506203 1111971198989889710197999711
90506203 12119711 8 82009710197999711
90506849 21119721 6132009710197999711
90507350 41119721 8141909710197999711
90507350 51119711 6151709701197999710
90507957 11119711 9 32209710197999711
90508165 11119711 7102009710197999711
90508165 12119721 8 32009710197999711
90570023 21119721 6 6181 210197999700
90570184 11119721 6111809710197999711
90570222 11119721 311171 810197999711
90570280 11119721 6 82009700197999700
90570280 12119721 6 32209710197999711
90570655 43119721 7122109711197999711
90570720 61119721 8 72109710197999701
90570720 62119711 8 9201 110197999711
90570725 41119721 7 42009700197999700
90570778 41119721 613181 300197999700
90570778 52119711 615211 410197999711
90570892 11119721 6 81909710197999711
90570892 12119711 7 72009710197999711
90570892 13119711 7112109710197999711
90571107 21119711 7 72009700197999710
90571107 31119711 9 02209710197999711
90571171 11119721 7 41909710197999711
90571171 13119721 7152009710197999711
90571171 12119721 6121909711197999711
90571319 11119721 6 51909710197999711
90571319 12119721 7 51909710197999711
90571472 11119711 8 92209710197999711
90571506 11119711 6 79809710197999711
90572147 61119711 7 41909710197999711
90572147 62119721 7 02109710197999711
90572192 21119721 8 11709710197999711
90572213 11119711 4 2191 810197999711
90572280 11119721 7 02109710197999711
90572325 11119711 7112109710197999711
90572325 12119711 7 01909710197999711
90572325 21119711 6121909710197999711
90572920 11119711 6 91909700197999711
90572922 11119767 6 41909710197999711
90572925 11119721 7 01909710197999711
90572925 12119721 7 62009710197999711
90572983 21119711 5151909710197999700
90573117 11119711 9 32009710197999711
90573117 12119721 614191 210197999711
90573117 13119711 7 8211 210197999711
90573946 41119711 9 62109710197999711
90573946 4211971110 32209710197999711
90574204 31119721 7 42009700197999700
90574204 32119721 7 21909700197999700
90574494 11119711 7 89809700197999701
90574494 12119711 7 79809700197999711
90574494 13119721 7 89809710197999711
90574494 21119711 7 69809700197999700
90574538 11119721 7 91909710197999711
90574744 11199711 1 81211211197999702
90574884 21119711 6121809710197999711
90574918 71119720 3 5151 711197999711
90574935 21119721 6 7191 110197999710
90575027 11119711 7 71909710197999700
90575039 11119711 8 52209710197999711
90575118 11119711 7 42209710197999711
90575126 11119711 5 9191 210197999701
90575158 11119721 5 6211 610197999711
90575158 12119721 8132109711197999711
90575229 6111971198989809700197999711
90575250 11119711 6 31909710197999711
90575250 21119711 7 79809710197999710
90575250 21219721 6 99809710197999711
90575940 11119721 8 72109710197999711
90576142 1110 221 5152009700197999700
90576245 81119721 6141909710197999711
90576320 11119721 7 81909710197999711
90576320 12119721 7122109710197999711
90576759 21119721 7 22009710197999711
90576925 11119721 8 62109710197999711
90576942 11119721 4 01209700197999712
90576987 21119711 4 5151 310197999711
90576987 21219721 5 7171 310197999711
90577063 11119711 8 22209710197999711
90577712 11119711 8112209710197999711
90578044 12119711 8132209710197999711
90578105 11119721 6 71809710197999711
90578404 11119711 5 29811211197999711
90578404 21119721 6 31909700197999711
90578404 22119721 6 61809710197999711
90578461 51119721 7 82109710197999711
90578496 21119711 8 01909710197999711
90578927 31119711 8 91909710197999711
90578981 11119721 3 4151 810197999711
90579233 11119711 7 59809700197999700
90579944 11119721 7 21909710197999711
90579944 14119711 6122109710197999711
90579967 2110 427 7 92109700197999710
90579967 4110 42798989809700197999710
90646128 11119721 6122109700197999700
90678378 12119711 9 62209710197999711
90712914 11119721 6 81909700197999700
90713702 11119721 7 81909710197999711
90714018 21119711 8 42209700197999701
90714022 11119711 6 92009700197999700
90714022 12119711 6142009710197999701
90714025 21119711 8 92009700197999700
90714232 21119721 9 51909710197999711
90714245 11119721 7 91909711197999711
90714918 11119711 6102009710197999711
90715198 11119711 515191 400197999700
90716990 31119711 7 22109700197999700
90717167 11119721 7 82209710197999711
90717167 12119721 8 12109710197999711
90718147 11119711 6151909700197999710
90718268 11119711 5152109700197999700
90718989 11119711 8 2211 110197999711
90718989 12119721 7132109710197999711
91500186 71119721 6 0191 300197999700
91504088 1110 427 7 39809700197999711
91506305 5119979799999999799997999799
91506392 12119721 7 12109710197999711
91506392 13119711 8102209710197999711
91506727 121                997999799
91506935 11119711 7122109710197999711
91508026 11119720 7 01909710197999710
91508387 11119721 7 02009710197999711
91508387 11269797 7 02109700197999711
91508387 12119711 8 02209710197999711
91508439 7110 41710 01909700197999700
9150843916110 427 7 01809700197999700
91508944 21119721 8122109710197999701
91508948 11119711 9 52109710197999711
91540215 41119721 7152009710197999710
91540215 51119721 7152009710197999710
91570110 21119721 7 52109710197999711
91570129 11119721 9 22009711197999711
91570210 1110 427 4 2191 210197999711
91570210 21119721 7121909700197999711
91570210 22119711 8101909700197999711
91570291 12119711 7 8191 410197999711
91570524 12119711 7132209710197999711
91570524 13119711 8 12309710197999711
91570528 11119711 9102109710197999711
91570553 21119721 7 8211 111197999711
91570823 11119711 7 01909710197999711
91570993 11119711 6 21809710197999711
91570993 12119711 8 32109710197999711
91571379 23119711 7 12109700197999700
91571610 11119721 7 31909710197999712
91571706 21119711 612191 110197999710
91571707 11119721 8 42009710197999710
91572076 11199797 5 51999788897999711
91572076 12119711 5 5181 211197999711
91572076 13119721 412171 4100 7200011
91572076 14119711 3 8171 611197999711
91572117101119711 512191 210197999711
91572183 11119710 8 31709700197999700
91572190 11119711 6 41509710197999711
91572321 11119711 6 5191 311012200011
91572328 11119721 6112109710197999711
91572346 11119721 7 51909710197999711
91572346 12119711 8 62109710197999711
91572381 11119721 7141909710197999711
91572387 11119711 6122109710197999712
91572387 12119721 6 82009710197999712
91572471 71119710 7 62009700197999700
91572918 11119711 8112109711197999711
91572986 11119721 6 52009710197999711
91572986 31119711 5 0161 211197999701
91573259 11119721 7 3211 211197999711
91573259 12119711 7 5181 211197999711
91574121 11119711 6152009710197999711
91574696 11119711 6 7981 210197999711
91574696 21119721 5 4981 300197999710
91575083 11119721 7 81909700197999711
91575083 12119711 7 01909710197999711
91575085 41119711 9 32109710197999711
91575085 42119711 9 72009710197999711
91575127 51119721 6 91409710197999711
91575151 11119721 6 5191 310197999711
91575315 11119721 4 51809710197999711
91575956 31119711 714201 210197999711
91576363 4111971110 42309710197999711
91576537 21119721 6112209710197999711
91576561 71119710 9 09809700197999700
91576611 11119721 7 09809710197999711
91576611 12119721 7 09809710197999710
91576651121119721 7 32109710197999712
91576757 71119711 715221 101197999700
91576919 11119711 6 72209710197999711
91576934 11119721 6 21809710197999711
91576934 12119711 7 61909710197999711
91576934 21119711 7112009710197999711
91577414 11119721 7 8201 110197999711
91578107 11119711 7 92309710197999711
91578193 12119711 6122109710197999711
91578197 61119721 7102009700197999701
91578314 61119721 7 09809700197999710
91578314 71169767 7 09869766697999766
91578495 11119721 7 8191 100197999700
91578605 11119711 5 4291 400197999711
91578605 21119721 4152709710197999711
91578747 12119711 6 72209710197999711
91579234 11119721 6 51809710197999711
91579234 11219711 7 41909700197999700
91579234 12119721 6 21909710197999711
91579234 21119721 7 71909700197999700
91579246 11119721 7 2211 210197999711
91579339 11119711 7151909710197999711
91579936 13119711 9 52109710197999711
91579964 31119721 7119809700197999711
91579993 21119721 9 31909710197999711
91579993 2211971110 52009700197999711
91608475 11119711 8102109711197999711
91710214 11119711 7 72109700197999701
91710214 21119721 6 61909700197999700
91710339 12119721 5 61809710197999711
91710915 1111972198989809710197999711
91710996 11119721 8 7201 110197999711
91710996 31119721 8 0211 110197999711
91712211 21119721 6 32809710197999711
91712217 11119721 7 61809710197999711
91712371 31119721 6 51909710197999711
91712371 41119721 5121909700197999700
91712902 21119721 6142109710197999711
91712908 31119721 8 82109710197999711
91712918 31119721 8132009710197999711
91712946 51119721 7131909710197999711
91713106 31119711 414181 210197999711
91713190 51119711 8 42109710197999711
91714335 11119721 7 4211 210197999711
91714938 31119711 7142009701197999710
91715952 41119711 6 8201 200197999700
91715983 71119711 7 79809700197999711
91716952 31119721 6 81909710197999710
91717169 11119711 7 82109710197999711
91717862 11119711 7102109710197999711
91717865 11119721 6101909700197999700
91718080 1110 627 8102509700197999700
91718080 2110 417 9 62409700197999700
91718080 3110 427 6102409700197999700
91718302 12119711 7112209710197999711
91718320 11119721 7102209710197999711
91718368 21119711 6 92109710197999711
91718960 21119711 8 12109700197999711
91719375 11119721 7 41909710197999711
91719936 11119711 5 3191 410197999711
92316359 11119711 7 82109710197999711
92500119 11119711 8 42009710197999700
92500119 12119720 6151909710197999711
92500386 41119721 5 61909700197999711
92500618 12119711 6 32009711197999711
92500914 21119721 6 81809700197999700
92500914 51119721 7 41809710197999711
92500970 11119721 8 61909700197999700
92500970 12119721 7151909710197999711
92500970 42119721 8 61909700197999711
92503208 31119711 8 8211 410197999711
92504321 1111971110 62309710197999712
92504321 12119711 8982009710197999711
92507952 61119721 9 52209710197999711
92507983 12119721 7 01809700197999700
92507983 21119711 7111909700197999711
92507983 31119721 8 02109710197999711
92508223 71119721 8 12109710197999700
92508625 11119711 610191 210197999711
92540351 12119721 7 21909710197999711
92540559 11119711 7 82109710197999711
92543208 11119711 8 52109711197999711
92546995 21119721 7 92209710197999711
92570084 11119721 7132109710197999711
92570084 21119711 8 5211 300197999700
92570698 11119711 6 9211 410197999711
92570698 12119721 7 9221 410197999711
92570722 11119721 6 22109700197999701
92570722 21119711 7 22109710197999711
92571271 21119711 8 31709710197999701
92571271 61119711 8 31709710197999701
92572101 21119711 7113009710197999711
92572226 12119721 7112209710197999711
92572267 11119711 7 4201 210197999712
92572267 12119711 9 22009710197999711
92572300 11119711 8101909710197999711
92572323 41119711 8 51909710197999711
92572323 42119711 8112009710197999711
92572348 41119711 714211 110197999711
92572382 1111971110 02209710197999711
92572383 1110 787999998198100 4199911
92572408 11119711 7142209710197999711
92572648 81119721 6 81909710197999711
92572665 31119711 7 62109710197999711
92572669 2110 727 1 1 109708197999700
92572916 11119721 6 51909710197999711
92572918 11119721 7 52009710197999700
92572989 11119721 7 52009700197999711
92572989 21119721 7 22109710197999711
92573118 11119711 4 7161 510197999711
92573118 11219721 5 8181 510197999711
92574018 11119711 7142109711197999711
92574314 21119711 7 82109711197999711
92574701 11119711 8 02009710197999711
92574794 21119711 7 61809710197999711
92574794 2210 427 8 31709700197999711
92574808 11119721 7112109710197999711
92575023 21119721 7 61909710197999711
92575121 11119711 613191 210197999701
92575231 11119721 7 31809710197999710
92575381 11119711 6109809710197999711
92575421 21119711 6131909710197999711
92575434 21119721 2 21311201197999711
92575434 23119721 2 21411201197999711
92575434 81119721 412181 610197999711
92575959 11119721 7 82109710197999700
92576037 21119721 6141909700197999700
92576288 11119721 8 52109710197999711
92576516 31119711 7 12109710197999711
92576516 32119711 615191 410197999711
92576516 3226976796969669766697999766
92577065 51119721 6 52109710197999711
92577112 71119711 8 82009710197999700
92577161 11119711 6 21609700197999711
92577161 21119721 6 11609710197999710
92577787 32119711 7 32109700197999701
92577864 31119721 6141809710197999711
92577982 11119711 6 01809710197999711
92578161 31119721 6112209710197999711
92578411 21119721 5 8191 210197999711
92578411 22119721 511191 310197999711
92578428 31119721 5 71809710197999711
92578562 1110 417 8 81909700197999712
92578722 61119721 8112009710197999711
92578907 12119721 6 72809700197999710
92578969 11119711 6 32209710197999711
92578995 11119721 7 52109710197999711
92579179 11119721 5 1171 410197999711
92579179 11219711 512181 410197999711
92579268 71119721 8132009710197999711
92579292 11119711 7 21809711197999711
92579943 11119721 7 81909710197999711
92579943 12119721 8 12009710197999711
92579943 13119711 7 12009711197999711
92579960 11119711 7112109710197999711
92579970 11119711 8 32109711197999710
92579970 21119721 8122109710197999710
92579979 12119711 7 91909710197999711
92579979 14119711 8 02109711197999711
92579992 21119721 6141809710197999711
92614170 31119721 6142009710197999701
92614372 21119721 7 32009710197999711
92676556 21119711 6 91809710197999711
92710111 2110 71799999909700197999700
92710916 11119721 7111909710197999711
92712276 11119721 5 62009710197999710
92712391 11119711 7 1201 211197999711
92712919 11119721 6 51909710197999711
92712998 11119711 8 12209710197999710
92714687 11119721 6 92309710197999711
92714687 12119721 6 92309710197999711
92714917 11119711 7 8191 210197999701
92714917 21119721 6 1191 400197999701
92714942 71119721 7 52009710197999711
92714942 81119721 7 52009710197999711
92715956 21199711 511211 410197999711
92716167 11119711 8112009700197999701
92716897 51119711 6 92209710197999711
92716897 52119721 6 92009710197999711
92716985 11119721 6132109710197999711
92717166 11119711 8 41909700197999700
92717166 31119711 7 92009710197999711
92717368 11119721 6 81909710197999711
92717368 12119721 6111909710197999711
92717862 1110 417 6 92109710197999711
92718265 11119721 9 12109710197999711
92718370 71119711 415191 611197999711
93316052 11119721 6 41909710197999710
93500815 11119721 4131809710197999711
93500815 12119721 5 41909700197999711
93500972 51119711 413181 410197999712
93503201 41119711 8 01909710197999711
93504823 11119721 511211 310197999711
93504990 61119711 8 92209710197999710
93506150 31119721 8142109710197999711
93506242 31119711 8 42109710197999711
93506242 32119711 7142009710197999711
93506345 11119721 6 91909710197999711
93508287 11119711 6 12009700197999710
93508287 21119721 6 91309700197999710
93508287 21219711 3 1 911201197999710
93508287 22219721 6 91909700197999710
93544923 11119711 712201 110197999711
93548877 11119711 8 42109700197999700
93570226 11119711 6 2191 301197999700
93570226 21119721 614191 200197999700
93570384 11119711 6 89809710197999700
93570695 11119711 6 2191 310197999711
93570696 11119711 7 71909710197999711
93570696 12119711 7112109710197999711
93570696 13119721 6 81909710197999711
93571060 11119711 6 22109710197999711
93571060 12119721 6112109710197999711
93572276 11119711 712211 101197999700
93572284 12119711 7122109710197999711
93572284 12219711 7 61909710197999711
93572369 11119721 8 3211 210197999711
93572668 11119721 9112209710197999710
93572941 12119711 7 1191 311197999711
93572948 31119721 714211 100197999702
93572971 11119711 7 52109710197999711
93572971 12119711 5 41909700197999710
93573115 11119711 515191 210197999711
93573115 21119711 7 92109710197999711
93573190 11119711 7112109710197999711
93573190 11219711 6122009710197999711
93573223 11119721 4 21909710197999711
93573223 11219721 3 01809711197999711
93573631 11119711 7102009700197999701
93573942 11119711 1 71011201197999700
93573945 41119721 7102009710197999711
93573945 42119721 8 02109711197999711
93573949 11119711 9 12109710197999711
93573949 11219711 8 42109710197999711
93573949 12119721 7142009710197999711
93573949 1319979799999999799997999799
93573994 11119721 7121809710197999711
93574023 11119721 5 51809710197999711
93574023 12119711 7132109710197999711
93574023 13119721 8 82109710197999711
93574023 14119711 7 02009710197999711
93574247 31119711 7121909710197999711
93574336 11119711 511211 410197999711
93574818 11199711 6121709710197999711
93574818 11219721 4 91909700197999700
93574917 21119721 8 42109700197999701
93575084 51119721 7 32109710197999711
93575158 31119721 6 92009700197999710
93575244 21119711 515181 310197999711
93575287 11119721 6 72109710197999701
93575287 1120 310 1 29811201797999700
93575287 12119711 611221 611197999711
93575309 21119721 6 6191 500197999710
93575354 11119721 8 82109710197999711
93575354 12119721 8 22109710197999711
93575385 41119711 411171 710197999711
93575392 11119721 7 69809710197999711
93575392 71119721 7 69809710197999711
93575624 4110 427 7 01909700197999780
93575980 11119711 8 92109700197999711
93575980 21119721 6 41909710197999711
93575998 21119711 6 92009710197999711
93576009 21119711 6101909710197999711
93576009 22119721 7142109710197999711
93576206 51119721 9 22109710197999701
93576251 11119711 7 1221 300197999700
93576458 32119711 7 31809710197999711
93577151 11119711 7 22009710197999711
93577157 11119711 8 22109700197999711
93577157 12119711 6111909710197999711
93577953 21119711 7 62109710197999701
93578082 21119711 7 42409710197999711
93578101 13119711 8122109710197999711
93578101 14119711 9 82109710197999711
93578101 15119711 8 12209710197999711
93578315 71119721 613211 110197999711
93578500 21119711 6121809710197999711
93578537 21119711 7 61909711197999711
93578693 11119711 9 12209710197999711
93578897 41119721 513171 511197999711
93578897 42119721 4 3181 611197999711
93579266 11119721 5131909710197999711
93579273 21119711 7 92209710197999711
93579273 31119721 6142009700197999700
93579278 41119721 6 4201 400197999700
93579292 11119711 7 62009710197999711
93579293 31119721 6132009700197999700
93579298 31119711 5 11809700197999700
93579333 12119721 8 31709711197999711
93579336 11119711 9 02109710197999711
93579336 12119721 6 32009710197999711
93579379 11119721 8152209710197999711
93579379 1120 79799999999799997999799
93579379 12119711 9 62309710197999711
93579949 11119721 5 61809710197999711
93579959 41119721 5 92109711197999711
93579977 11119711 7152209710197999711
93579977 3111979799999999799997999799
93579994 51119721 5 5191 510197999711
93624272 21119711 7 92109710197999711
93624272 22119721 9 32109710197999711
93678779 21119721 7 62009710197999711
93712210 31119711 613191 310197999781
93712910 21119711 9 72109710197999711
93712910 22119721 8 9191 210197999711
93714010 11119711 8 69809710197999711
93714017 5110 417 7102109710197999701
93714017 5210 41798982109700197999701
93714190 12119721 7 0181 210197999711
93714292 11119721 5 0981 400197999700
93714896 11119721 7 32009710197999711
93714914 11119711 5131809711197999711
93714914 12119711 811191 110197999711
93714914 21119711 6 91809711197999711
93715922 141997879898981 5110 2199698
93716352 21119721 6 9981 200197999710
93717060 21119721 7 22109710197999711
93717464 11119721 212151 511197999711
93718312 31119711 6 01709701197999700
93718312 3120 220 6 0191 800197999700
93718312 41109997 1 1 109700197999700
93718316 11119721 414181 410197999711
93719971 31119711 6152109710197999711
94500874 21119711 7 62809710197999711
94500874 22119721 6 52509710197999711
94500925 11119721 7 42109700197999711
94500925 12119721 6 41909710197999711
94500925 13119711 8 22109710197999711
94503909 12119721 8 02209710197999711
94504223 11119721 6 4191 200197999700
94504223 21119711 7 61909710197999711
94504728 11119711 7102109710197999711
94504728 21119711 7 8211 310197999711
94504828 11119721 8 62309710197999711
94504828 21119711 7122109710197999711
94504994 11119721 7 89809710197999711
94504994 21119721 8 79809700197999700
94504994 31119711 9 09809710197999710
94504994 32119711 7989809700197999710
94506271 92119721 8 32109710197999701
94506321 11119721 6 52109710197999711
94506340 11119711 8 22209710197999711
94507214 21119721 8 82109710197999701
94540213 11119711 7 22009710197999711
94540213 21119711 6132009710197999711
94540213 22119711 6132009710197999711
94570078 31119711 8122209710197999711
94570078 31219721 6101809710197999711
94570078 3216976796969669766697999766
94570078 33119711 8122209710197999711
94570083121119721 510191 200197999700
94570220 11119721 5 2221 110197999711
94570527 1111972198989809710197999711
94570527 1211972198989809710197999711
94570696 51119711 7 72409710197999711
94571010 11119711 7111909710197999712
94571015121119711 6111909710197999711
94571074 12119711 8 42109710197999711
94571160 31119721 6 42109710197999711
94571310 11119711 9 12209710197999711
94571367 21119721 615211 110197999711
94571367 22119711 7101909711197999711
94571367 23119721 610191 210197999711
94571870 11119711 7111909710197999711
94572160 11119721 8101809710197999711
94572216 11119721 6 5191 210197999711
94572288 11119720 6 7181 300197999711
94572312 11119721 9 31909710197999711
94572343 11119721 7 92009710197999711
94572380 31119711 7 0191 300197999711
94572385 11119711 8 12109710197999711
94572560 11119711 7 22109710197999711
94572878 21119711 8 21909711197999711
94572878 21219711 612191 410197999711
94572878 2210 31098989889708797999702
94572912 11119711 8112009710197999711
94572923 11119711 6 82109710197999711
94572923 12119721 8 32209710197999711
94572923 13119721 3 51511211197999711
94572929 11119711 6141909700197999700
94572929 21119721 7 31909710197999711
94572929 22119711 5 6181 511197999711
94572929 22219711 5 3181 511197999711
94572929 23119721 6 91909710197999711
94572944 11119711 6 8191 310197999711
94572944 1219979796969699799997999799
94572977 11119711 7 22109710197999711
94572977 21119721 7 92109700197999700
94572988 11119711 6102109700197999700
94573693 11119721 6 42009710197999711
94573944 31119721 7 62109710197999701
94573944 32119711 7 42009711197999711
94573957 32119721 614201 210197999711
94574105 11119711 413171 610197999700
94574112 11119721 3 0191 810197999710
94574112 12119721 4 5171 410197999700
94574119 31119711 7 59809710197999711
94574310 11119721 412981 410197999711
94574388 21119711 6 82009710197999711
94574729 22119721 7 4191 300197999700
94574815 41119711 6141909710197999711
94575029 51119710 7 82309700197999702
94575076 11119721 815211 310197999711
94575231 11119711 8 01909710197999711
94575333 2110 417 7 92009700197999711
94575425 31119711 6 81909710197999711
94575622 11119711 6 2191 210197999711
94575805 1111972110 02309710197999711
94575805 1211971110 32409710197999711
94575868 21119711 6112109710197999711
94575868 22119721 8 01909700197999711
94575907 21119721 6142009710197999711
94575920 211197219898981 410197999710
94575940 31119721 7 01909710197999711
94576024 11119711 698221 610197999711
94576154 11119711 5 7191 300197999711
94576357 1110 211 8 72009710197999710
94576357 1210 211 8 72009710197999710
94576646 31119721 9132109710197999711
94576659 51119711 7152009710197999711
94576685 41119721 9 72209700197999711
94576685 42119721 8112109700197999711
94577084 11119721 6111909710197999711
94577181 21119721 9982209700197999711
94577361 11119720 513181 100197999711
94577361 23119711 6152009710197999711
94577452 11119721 8122009711197999711
94577452 21119711 8122009711197999711
94578088 11119721 7 3211 110197999711
94578101 31119721 312171 810197999712
94578142 1110 427 7 71909700197999711
94578587 11119721 7 32109710197999711
94578587 21119711 8 72109710197999710
94578587 31119721 9 32109700197999710
94578804 11119711 7 8211 210197999711
94578899 11119721 7 12309710197999711
94578899 1129979796969669799997999799
94578899 12119711 9 82109710197999711
94578910 11119721 2 91511211197999711
94578910 12119721 6 7191 210197999711
94578910 13119711 612201 410197999711
94579176 11119711 5 7211 711197999711
94579179 11119711 9102209710197999711
94579292 11119721 6 62009711197999711
94579292 1519979799999999799997999799
94579295 11119711 6 31909710197999700
94579295 71119721 6131909710197999700
94579296 31119721 512191 310197999711
94579375 1111971110 32309710197999719
94579998 11119721 7 21909710197999711
94579998 12119711 7 61909710197999711
94590955 31119721 6 82109710197999711
94678273 51119711 8112109710197999711
94710974 41119721 6131909711197999711
94710989 51119721 6 41909700197999711
94712917 21119711 7152109710197999711
94712917 22119721 8 12209710197999711
94712990 11119721 614201 311197999711
94712990 12119711 612201 310197999711
94714022 11119711 7 8181 110197999712
94714394 11119721 7 7201 310197999711
94715025 21119711 7 11909710197999710
94715123 11119711 711201 200197999700
94715123 11219711 7 62009711197999711
94715123 12119721 6 62009711197999711
94715982 11119721 8102109700197999711
94715982 41119721 7 52109710197999711
94715982 42119711 7 11909700197999711
94716153 11119721 6111809710197999711
94716153 21119711 6101909700197999700
94716976 71119711 612191 110197999710
94716987 1111971110 12309700197999700
94718105 31119711 8 82209710197999711
94718284 21119711 8 12109700197999711
94719270 21119721 6 82009710197999711
94719936 31119721 7 41909700197999711
95500710 11119721 7 01909710197999711
95500710 12119721 7 11909710197999711
95501960 13119711 5122009710197999711
95501960 11119721 7132109710197999711
95506124 12119721 7 02009710197999710
95506154 11119711 8 51909710197999710
95506181 11119711 5141709710197999711
95506684 22119721 6 11909711197999711
95507158 21119721 7 1211 400197999700
95507158 31119711 911201 400197999700
95548969 11119721 6112109710197999710
95570097 31119721 5 92109710197999711
95570588 21119721 412171 411197999711
95571112 41119711 8 32109710197999710
95571160111119711 8112309711197999711
95572073 11119711 6141909710197999711
95572073 12119721 5151909700197999711
95572405 11119711 8 02109710197999711
95572443 11119711 6142209710197999711
95572876 11119711 7 02109710197999711
95572876 12119721 7 92109710197999711
95572917 11119711 7142109710197999711
95572925 11119721 6 81909710197999711
95572927 11119711 7122109710197999711
95572927 12119711 7132209710197999711
95572981 11119721 6 92009710197999711
95572981 11219711 6 8201 210197999711
95573407 11119711 6 81809710197999711
95573407 12119721 5 91709710197999711
95574295 11119711 7 82109710197999711
95574295 12119711 2 81411211197999711
95574333 11119721 6 21909710197999711
95574333 12119721 6 82009710197999711
95574333 13119721 8 61909710197999711
95574615 11119711 8 62009711197999710
95574615 21119711 8 22009711197999711
95574638 11119711 6121909710197999711
95574733 12119711 612191 110197999701
95574733 11119721 5121909700197999711
95574733 13119711 7122009700197999711
95574733 14119711 6121909710197999711
95574790 11119721 9 61809710197999711
95574790 121197211015201 311197999711
95574790 21109920 1 11609700011199700
95574804 12119711 8 0191 210197999702
95574937 11119711 9 22009710197999701
95574998 11119711 7 42109710197999711
95574998 12119711 1131211211197999711
95574998 21119711 7 62109700197999700
95575014 31119721 8 22109710197999711
95575026 11119711 3 4161 800197999711
95575026 41119711 3 4161 800197999700
95575081 11119721 6 71709710197999711
95575081 12119721 612211 410197999711
95575081 13119721 6 2211 210197999711
9557535711110 417 6 82009700197999710
9557535711120 517 6 91909700197999700
9557535712120 417 6101909700197999700
95575628 11119721 5 91909710197999711
95575945 11119711 7142009710197999701
95575982 11119721 7141909710197999711
95576034 12119711 6 91709710197999711
95576815 21119711 7 82109710197999712
95577862 21119721 8 02209710197999711
95578006 12119711 8102209710197999711
95578006 12219721 7 61909710197999711
95578113 31119711 7 6211 200197999700
95578206 21119721 7 72009710197999711
95578307 12119711 7 11809711197999711
95578380 11119710 6129809710197999701
95578380 21119720 5129809710197999700
95578413 42119711 8101909710197999711
95578614 11119721 7 72009710197999711
95578818 11119721 6 82009710197999711
95578886 11119721 7 81909710197999710
95578911 11119711 8 12009701197999711
95578948 11119711 6142109710197999700
95578948 12119721 6121909700197999700
95578948 21119711 7 0211 210197999711
95578963 21119721 8 62209710197999711
95579232 21119721 5 31809710197999711
95579234 1110 417 7989809700197999711
95579237 11119721 7 22009710197999711
95579379 11119711 8 52709710197999710
95579379 12119721 6 41809710197999710
95579978 11119721 7102109710197999711
95579994 21119721 5 62209710197999711
95579994 22119721 6 42109710197999711
95593202 11119711 6 82009710197999711
95614178 11119711 6141909710197999711
95614178 12119711 7 21909710197999711
95678275 11119711 7 9211 210197999711
95712317 21119711 7 21809710197999711
95714226 3110 221 7 41909711197999710
95714230 31119721 6141909700197999700
95714886 31119721 6 1181 410197999710
95715229 22119720 6 01909710197999711
95715229 41119720 6 01909710197999711
95715323 11119721 8 92109710197999711
95715983 41119721 7 92209710197999711
95716191 13119711 8 72009710197999711
95717362 11119710 5122309700197999700
95717362 61119720 5102209700197999700
95717362 71119710 5122409700197999700
95717861 11119711 6 2191 411197999711
95718215 11119721 7 31809710197999701
95718387 21119711 7 62109710197999700
95719975 11119711 7 0211 211197999711
95719975 12119711 8 12109710197999711
95719977 41119721 7 01809710197999711
96316453 11119721 7139809710197999711
96374972 11119721 7 02109710197999711
96500070 11119711 6 91809700197999711
96500070 21119711 7101909700197999700
96500257 11119711 7 02109711197999711
96500282 11119711 7 1221 200197999711
96500282 12119711 7 4221 500197999700
96500282 2110 211 8 12109710197999710
96504296 11119711 5 51909711197999711
96504821 11119711 8 02109711197999711
96506041 91119721 6151809710197999711
96506041 92119721 8102109710197999711
96506097 11119721 5131809710197999711
96506122 11119711 7 72109710197999711
96506722 12119711 8 29809711197999711
96508285 21119721 7 3211 310197999710
96508285 22119721 8 62009700197999700
96508974 11119711 7 42109700197999700
96540219 11119711 8 81809710197999711
96570059 11119711 6 71909710197999711
96570188 11119721 5122009700197999711
96570188 12119711 7132109710197999711
96570213 11119721 7131809710197999711
96570285 1111972198989809710197999711
96571008 41119721 7122009710197999711
96571373 41119721 7102009710197999711
96571565 11119711 7122109700197999710
96571818 11119711 9 42109710197999710
96571874 11119711 7142109711197999711
96571911 31119711 7121909710197999711
96571911 41119721 7122109700197999700
96572177 21119711 8122009710197999711
96572318 51119711 9 02109710197999711
96572319 21119711 7 42109710197999711
96572319 22119711 7 42109710197999711
96572388 11119721 8 22109710197999711
96572388 12119721 8 12009710197999711
96572441 41119711 8 42109710197999711
96572477 12119711 8 41909710197999711
96572477 1229979799999999799997999799
96572648 21119711 9 02109710197999711
96572906 21119711 8 02009700197999711
96572915 21119711 9102009710197999711
96572923 11119711 8112009710197999711
96572923 12119711 8 52009710197999711
96572976 1111972198989889788897999788
96572976 1318978798989889788897999788
96573014 3110 42798989889708197999700
96573108 11119721 7 11909710197999711
96573219 31119711 8 02409710197999711
96573291 11119711 7 11909710197999711
96573436 11119711 8 62009710197999711
96573436 12119711 9 42109710197999711
96573617 11119721 7 42009700197999710
96573617 12119711 7 52109710197999711
96573891 31119721 6 9181 310197999711
96574390 42119721 8152109710197999711
96574395 11119721 7 39809710197999700
96574411 21119711 5 5161 110197999711
96574411 31119711 5 6161 290197999700
96574419 31119721 7159809710197999712
96574419 32119711 7159809710197999711
96574438 21119711 7111909711197999711
96574590 11119721 6121909710197999701
96574632 11119711 6 91909710197999711
96574632 12119721 5 22009710197999711
96575156 11119711 6 11909711197999711
96575157 31119711 8 82109710197999711
96575157 32119711 9132109710197999711
96575159131119721 7111909710197999711
96575187 11119721 8 81909710197999711
96575244 1110 417 6 89809710197999711
96575249 21119711 6151909700197999711
96575249 31119721 6 51809710197999701
96575289 31119711 5 82109710197999711
96575298 22119721 7112009710197999711
96575428 11119721 513981 400197999700
96575428 61119711 613981 410197999711
96575949 12119721 8142209710197999711
96576167 11119711 7131909710197999711
96576639 11119711 6121909710197999711
96576639 11219721 5 81909710197999711
96576639 12119711 6112009710197999711
96576639 12219711 6 81909710197999711
96576723 21119711 7 02009700197999701
96576750 61119721 6 41909710197999711
96576750 61219711 8 32109710197999711
96576750 62119721 7 32109710197999711
96576922 11119711 7152109710197999711
96577263 11119721 3 0151 810197999711
96577964 31119721 6 21909710197999711
96578080 711197209898981 400197999700
96578239 11119711 6 79809700197999700
96578239 12119711 7 89809710197999711
96578283 11119721 7 21909710197999700
96578283 31119711 7 01909710197999711
96578431 11119711 6 9211 410197999711
96578483 11119721 8101909710197999711
96578484 11119711 6122109710197999711
96578484 11219721 7 42109710197999711
96578582 11119711 7 21909710197999701
96578900 21119721 6122009710197999711
96579230 11119721 6121609710197999711
96579265 41119711 714211 810197999700
96579270 11119721 8 72109710197999711
96579296 91119711 7 01909710197999711
96579930 11119721 7 82009710197999711
96579930 12119711 8 92009710197999711
96579944 11119711 9 02209711197999711
96579970 11119721 7132109710197999711
96579979 11119711 7 91909710197999711
96676958 11119711 6 31909710197999711
96676958 12119720 7 11909710197999711
96710152 11119711 7 42109710197999711
96710152 12119711 5 52209710197999711
96713293 11119711 3141609710197999711
96714216 11119721 7 81409710197999710
96714240 11119721 7 62009710197999711
96714240 12119721 9 32009700197999711
96715927 11119711 6 12009710197999711
96715927 31119721 6 12009710197999711
96715935 61119711 7 91909710197999701
96716089 4110 417 7112109710197999711
96716089 4210 427 6 8191 410197999711
96716152 61119721 8 12109700197999700
96716334 11119721 7101909710197999711
96716334 1129979799999999799997999799
96716334 12119711 8 32109710197999711
96717915 11119711 5 0211 210197999711
96718148 21119721 615201 210197999711
96718172121119711 7 22109710197999711
96718207 12119721 5 72209710197999711
96719375 11119711 8 92109710197999711
96719937 21119721 7 3191 411197999711
97500273 11119721 6 22109710197999711
97500273 12119711 7 51909710197999711
97500519 11119711 8 22109710197999701
97503839 51119711 5 4171 210197999711
97504342 11119711 8 01909710197999701
97504703 11119721 7 31509710197999711
97506156 21119711 6 9191 210197999711
97506332 21119721 8 32109710197999711
97506336 11119721 6 2191 210197999711
97506336 12119721 7 61909710197999711
97506336 13119711 6 1191 310197999711
97506775 41119721 711191 210197999711
97508280 11119711 5 41809700197999700
97508280 11219711 5 61809700197999700
97508280 13119721 7 31909700197999700
97508280 14119711 8 51909710197999700
97570058 11119721 7 32209711197999711
97570089 12119721 2 69811211197999711
97570213 51119711 7 12109711197999711
97570213 52119721 7 92009710197999711
97570490 11119721 7 32109710197999711
97570714 11119721 4131409700197999711
97570714 12119711 5101709700197999701
97570714 13119710 6101609700197999701
97570892 1111971110 52109710197999711
97570892 12119721 8 42009710197999711
97570892 21119721 6131909710197999711
97570938 11119711 8 1201 210197999711
97571960 11119721 6 5181 410197999711
97572043 41119711 6 82009710197999711
97572071 11119721 611191 611197999711
97572078 11119711 5 61809711197999711
97572078 1210 320 1 01711201797999700
97572216 11119721 7 01909710197999711
97572221 71119721 7 21909710197999711
97572221 72119711 8 32109710197999711
97572292 11119721 710191 4100 9199911
97572292 51119721 615191 200197999700
97572313 11119721 8 71909710197999711
97572921 12119711 7159809710197999710
97572926 1111972198989809700197999711
97573910 11119711 6142109710197999711
97573953 11119721 7 6201 110197999711
97574089 21119711 8 82109710197999711
97574126 41119721 612191 410197999710
97574413 21119711 7 32109710197999711
97574739 11119721 6102209710197999711
97574739 12119710 7112109710197999711
97574739 13119721 4 6201 811197999711
97574815 22119721 6119809710197999701
97574815 23119721 6139809710197999701
97574835 21119721 7 42109700197999700
97574835 311         191 300197999700
97574839 11119711 7 61909710197999711
97575130 11119711 9 02209710197999711
97575153 61119711 7 8211 110197999711
97575324 2110 427 4 0981 400197999711
97575366 11119711 9 52109710197999711
97575366 12119711 8 32109710197999711
97575366 13119721 8 2211 110197999711
97575398 13119711 7 82109710197999712
97575463 21119711 7112109710197999711
97575946 11119721 8 82109710197999711
97575946 12119721 7 82009710197999711
97575956 12119721 7 71909700197999710
97575956 21119711 7 71909700197999700
97575987 11119711 8112209710197999711
97575994 51119711 7 21709710197999711
97576051 11119711 8 59809710197999711
97576140 11119721 7 32109710197999712
97576289 21119721 7 62109710197999710
97576411 62119711 8 82209710197999711
97576451 11119711 8 82109710197999711
97576451 12119721 5 61809710197999711
97576451 12219721 5 71809710197999711
97576451 13119721 6111909710197999711
97576667 11119721 8 42109710197999711
97576924 11119721 8 82109710197999711
97578005 11119721 8122309700197999701
97578005 11219711 6151909700197999700
97578122 71119721 6 62109710197999711
97578298 11119721 6 42009710197999711
97578366 11119711 4121909700197999711
97578366 12119721 5 91909700197999711
97578366 21119721 4 31909710197999700
97578496 11119721 8 821097100 5200111
97578695 11119721 414151 310197999711
97578883 11119711 8 42109710197999711
97578911 31119721 4 5171 400197999710
97578911 41119711 714171 111197999711
97578911 42119711 4 7171 210197999711
97578911 43119711 7 51909710197999711
97578980 1110 42710119809700197999710
97579232 21119711 6 82209710197999700
97579237 21119711 7 81909710197999710
97579274 11119721 5 51709710197999711
97579938 1111971098989809710197999711
97579987 21119711 8 22109710197999711
97579992 11119721 7121909710197999710
97579992 12119711 8 42109710197999711
97579992 13119711 7131909710197999711
97608178191119711 412171 410197999711
97608972 11119721 7 72109710197999711
97614777 31119721 7 62109700197999700
97678274 11119721 6122109710197999711
97710215 11119711 6 6181 110197999711
97710486 11219711 5 5 709710197999711
97711065 11119721 7 3191 210197999711
97711065 12119711 7 3211 210197999711
97712240 41119721 8122109710197999711
97712349 11119721 7 82009710197999711
97712349 12119711 7 61909710197999711
97712349 13119711 6121909710197999711
97712990 1110 427 7 62109710197999711
97713404 11119711 5121709710197999711
97713404 11219721 5121809710197999711
97713607 11119710 7 22009710197999710
97713607 21119710 7 22009710197999700
97714018 21119711 8 22009710197999711
97714046 12119721 6 6191 310197999711
97714046 13119711 7122009710197999711
97714214 31119711 6 01909710197999711
97714894 52119721 6 81909710197999711
97715124 11119721 7 32009700197999711
97715354 31119711 612211 110197999711
97715354 32119721 515191 210197999711
97715952 11119721 6 8181 200197999700
97718185 21119711 5152009700197999711
97718960 11119721 514181 200197999711
97719278 11119721 7 41809710197999710
97719278 13119721 6 41809710197999710
97719278 14119711 5141809710197999700
97719936 11119710 7 69809710197999711
98500510 11119721 7 51909710197999711
98500510 41119721 7 01909700197999711
98500988 2110 311 1131011201797999701
98503002 111197119696961 210197999711
98504406 2116976796969669766697999766
98506180 41119711 6152009710197999711
98506355 21119721 8122109711197999711
98506355 22119711 8132009710197999711
98506356 32119711 6 91909700197999710
98506425 11119721 6 9201 311197999711
98508322 11119721 8 62109710197999711
98508322 12119711 7121909710197999711
98570080 21119721 7142109710197999711
98570122 21119711 513181 310197999710
98570385151119711 7122109710197999711
98570388 11119711 8 42009700197999700
98570388 12119721 6101909710197999701
98570388 21119711 8 42009700197999700
98570388 31119721 6101909710197999701
98570474 21119721 8 22109700197999711
98570923 51119721 9 52009700197999700
98571012 51119711 8 62009710197999711
98571014 11119711 5 82109700197999712
98571014 21119711 6 62009700197999710
98571272 23119710 6 7191 610197999711
98571878 6210 427 412231 811197999711
98571971 2111971110112209710197999711
98572077 21119711 8 52109710197999711
98572348 51119711 5 1181 710197999711
98572368 11119711 6 8191 410197999711
98572373 21119711 6 1 109700197999700
98572373 21219711 813211 200197999700
98572373 22119711 6132009710197999711
98572373 61119711 6112009700197999711
98572379 11119721 8 31909710197999711
98572379 11219721 8 31909710197999711
98572379 12119711 8 62009710197999711
98572448 11119721 7132009710197999711
98572980 71119721 7122009710197999711
98572980 72119711 515201 210197999711
98573012 1111971198989809710197999710
98573959 22119721 7112009710197999711
98573959 23119711 8112109710197999711
98573959 61119711 715211 110197999711
98574034 11119721 6 32109710197999711
98574106 21119721 5 69809710197999711
98574193 31119721 7 52209700197999700
98574218 11119721 5151909710197999711
98574230 21119711 6 71909710197999700
98574230 22119711 6 22009710197999700
98574230 23119711 8 52109710197999711
98574387 71119711 7 32009700197999700
98574491 13119711 5152009710197999701
98574498 31119721 6 1981 210197999711
98574727 11119711 7112209710197999711
98574806 71119721 6 9191 110197999711
98574806 72119721 6 9191 100197999711
98575036 21119721 6 99809700197999711
98575036 22119711 8 59809710197999711
98575113 31119711 7152109700197999700
98575122 31119721 8 52009710197999711
98575122 32119721 7102009710197999712
98575150 21119711 8 22109710197999711
98575386 11119711 615211 311197999711
98575386 21119721 612181 410197999711
98575948 1111971110 32209710197999711
98575948 81119711 9 52409710197999711
98575954 5110 417 7 02209700197999710
98576313 1110 42798989809710197999780
98576545 41119711 8 42209710197999711
98576952 12119711 8112109710197999711
98577061 11119721 4 5151 710197999711
98577061 11219721 310151 710197999711
98577061 12119721 7141909710197999711
98577161 11119711 9132309710197999711
98577181 12119721 6 11909710197999711
98577181 12219721 7152109700197999711
98577259 21119711 7112309710197999711
98578291 11119721 5 62009710197999711
98578299 11119711 7 62109711197999711
98578334 11119721 5 71909710197999711
98578397 11119711 8 32109710197999711
98578417 21119711 4 7161 610197999711
98578417 5110 417 6 71709710197999710
98578417 61119711 4 7161 610197999711
98578432 52119721 6 51909710197999711
98578432 53119721 6 71909711197999711
98578495 11119721 5 4221 210197999711
98578747131119721 8 52009710197999711
98578767121119721 5131909700197999711
98579930 1110 41796969669710197999711
98579930 2110 42798989809700197999712
98579939 21119711 3 21911201197999700
98579939 31119710 7 42109710197999711
98579963 21119711 9 02169710197999711
98579963 221   11 7142209710197999711
98579976 2110 427 7 09819800197999700
98579976 6110 42798989819800197999700
98579979 11119711 7 62109710197999711
98676254 11119711 7 01909710197999712
98676254 12119721 6 41909710197999711
98710175 1110 417 510161 410197999711
98710195 11119711 8 12109710197999711
98710991 41119711 7122109710197999711
98712214 11119721 7 01809700197999700
98712214 21119721 6111809710197999711
98712214 22119711 7 71909710197999711
98712218 11119721 6 91909710197999711
98712976 31119721 7 51909710197999711
98714242 31119721 8 72009710197999711
98714380 11119721 6142009710197999711
98715955 11119721 6 42009710197999711
98715955 31199797 6 42009710197999711
98715955 41119721 6 42009710197999711
98715983 21119711 6151909700197999700
98717259 11119721 712211 210197999710
98718269 21119711 8 92109710197999711
98718270 11119711 8 32009711197999711
98719270 11119721 8 72109711197999711
98719932 11119721 6111809710197999711
99500087 11119721 7111909710197999711
99500115 11119711 7 52109700197999711
99500417 41119711 7 31909710197999711
99500857 1110 417 5 32109710197999711
99504049 31119711 615981 211197999781
99504049 7119979798989899799997999799
99504420 11119721 7 52109710197999711
99504849 1116971098989889700197999700
99506149 11119721 7 92109710197999711
99506342 1110 417 7 82009700197999711
99506360 11119711 6 91909710197999711
99506487 11119721 611211 410197999711
99506487 21119721 6151909710197999711
99506981 11119721 6121809700197999710
99508120 11119711 7142109710197999711
99508120 31119711 6101909700197999711
99508327 11119711 9122409700197999711
99508327 1211971110 12609710197999711
99508430 62119721 6141809710197999711
99508568 11119711 5 62109710197999711
99508568 21119711 5101909710197999711
99508568 22119721 6 52009710197999711
99508721 11119711 7 41909710197999701
99508721 12119711 6131809700197999701
99508721 13119711 7 01909700197999711
99508928 21119711 6141909710197999710
99508928 22119721 5141909710197999710
99543509 11119721 7132009710197999711
99543509 12119711 8132009710197999711
99570176 11119711 8 8201 110197999711
99570176 1121971110 32109710197999711
99570176 12199797 8 51899799997999799
99570725 11119711 6111909710197999711
99571170 11119721 6 72209710197999711
99571301 3110 417 7 71609700197999710
99571314 61119721 6 01709710197999711
99571660 11119711 7111909710197999711
99571660 21119721 8121909710197999711
99572110 31119721 5 4171 200197999711
99572221 11119711 8 0191 210197999711
99572221 12119721 5 2191 510197999711
99572326 1111971110 51909711197999711
99572326 12119711 8 11909710197999711
99572367 31119721 9142109700197999710
99572367 42119721 8122009710197999706
99572467121199711 7 0191 110197999711
99572467141119711 7 0191 110197999711
99572467151119711 7 0191 110197999711
99572472 41119721 5 42009710197999711
99572662 11119711 6 9191 110197999711
99572875101119721 5121909700197999700
99572984 21119721 7 21909700197999700
99573116 31119711 8142109700197999711
99573216 11119711 7 12009710197999710
99573216 13119711 7 32109711197999711
99573253 11119711 6 92109710197999711
99573254 8311972196969669766697999766
99573254 8326976796969669766197999766
99573257 11119711 8 32109710197999711
99573257 12119711 8112209710197999711
99573258 11119711 7132109710197999711
99573258 12119711 8 12009711197999711
99573637 31119721 8122209710197999700
99573637 41119721 8122209710197999710
99573943 51119711 8 62109710197999711
99573944 11119711 8 12209710197999711
99573948 21119711 5 6171 410197999711
99573952 51119711 7122109710197999711
99573953 41119721 7122009710197999710
99573998 41119711 7101809710197999711
99574116 11119711 6 0181 410197999710
99574116 12119711 9 02109710197999711
99574116 1311971110 02209710197999711
99574199 11119721 6142009711197999711
99574199 12119711 6122009710197999711
99574415 11119711 8 42109710197999711
99574415 12119721 8 62109700197999711
99574437 11119711 6102009710197999710
99574437 12119721 5 91909710197999710
99574499 11119721 312181 810197999711
99574499 13119721 8 01909710197999711
99574538 11119720 7 82009710197999701
99574644 11119711 7121609710197999710
99574912 41119711 5 1181 410197999700
99575034 21119721 512181 300197999711
99575096 41119721 8 52009710197999711
99575131 11119721 5 81809710197999711
99575154 31119711 7112109700197999700
99575186 21119721 4 51911010197999711
99575242 31119721 6 22109700197999711
99575259 21119711 7142109700197999700
99575259 22119711 7 7201 210197999700
99575329 11119720 4 5 5097110 7200100
99575381151119711 7102009710197999702
99575940 11119711 6142009710197999710
99576055 8111971198989889788897999711
99576347 11119711 7112109710197999711
99576580 13119721 7142009711197999711
99576818 41119721 5 6181 200197999700
99576912 41119721 7 12109710197999711
99576912 42119711 8 12009710197999711
99576938 31119711 7142109710197999711
99577050 11119721 712211 210197999711
99577882 11119721 5 1181 311197999711
99577882 12119711 61219097000 2199301
99577882 13119711 6141909700197999711
99578019 11119721 8 61909710197999712
99578019 12219711 6 81909700197999711
99578289 31119711 5 1191 610197999700
99578365 11119711 8 92409710197999710
99578365 1211972110 81809710197999710
99578365 1311971110 81809700197999700
99578365 14119711 8 91809710197999710
99578693 11119721 6 82109710197999711
99578742 11119711 7 3191 210197999711
99578941 11119721 9 82109710197999711
99579241 31119721 5 7181 810197999711
99579241 32119721 6122109710197999711
99579241 33119721 7112109710197999711
99579242 21119711 7 31809710197999711
99579242 21219721 6 81809710197999711
99579242 22119721 5131809710197999711
99579242 23119721 5131809710197999711
99579243 31119711 7112109710197999711
99579243 32119721 7 82009710197999711
99579939 11119721 8 02109710197999711
99579997 11119711 8 81909711197999711
99590351 11119711 9 82309710197999711
99619465 11119721 6 1191 210197999711
99619966 21119721 6122009710197999701
99619966 31119721 7102109700197999700
99636350 51119711 9102009710197999711
99678677 51119721 8112109710197999711
99710038 21119721 6 61709710197999711
99710084 11119711 7 8211 110197999712
99710319 11119721 6 1181 310197999701
99710319 12119721 7 02009710197999711
99714942 21119721 6 1191 600197999701
99715251 11119721 6 6201 110197999711
99715954 11119721 8 82009710197999711
99715954 12119721 8 22109710197999711
99716396 31119721 7 39809700197999711
99716396 32119721 6 5981 210197999711
99716892 31119711 7142109711197999711
99717365 11119711 7 31909710197999711
99717911 11119711 713261 400197999700
99718016 21119711 7 81609700197999700
99718088 11119711 512181 510197999701
99718104 7110 71798989889708197999700
99718305 11119721 5 1 91 410197999711
99718305 12119720 512 91 410197999711
99718925 11119721 7 12909710197999700
