57118381 511 1 517 61 1001000001000000119720 409797977171
57134970 121 1 617 81 1000100000100000119722 409797977171
57135078 111 1 617 60 1000100000100001019724 409797977011
57135078 511 1 617 61 1000100000100001019724 509797977171
57164981 117 3 517 51 1111000101000000019719 409797977011
57191909 131 1 817141 2000100000100000119724 409797977007
57248884 711 1 517100 1000100000100001019723 41 2 2 20171
572495761711 1 101977 100100000100000100 3301109797977011
90506725 511 1 717 81 2001000001000000119721 409797977171
90506828 311 3 717 51 1000100000100000119728 509797977171
90508033 111 1 117 10 1001000001000000119725 41 1 1 20171
90571861 411 1 517 51 1001000001000000119727 609797977171
905742041011 1 101977 100010000000000000 323 509797977007
90577712 141 1 117 10 1000100000100001119726 209797977171
90577964 217 2 917181 7000100000100000119720 81 1 5211011
90578044 137 1 217 10 5000100000100000019722 409797977171
90578461 527 1 217 41 1001000001000000119719 409797977171
90578846 311 1 217 11 1001000001000000019722 809797977007
90579990 117 1 517 41 1001000001000000119723 809797977171
90712290 117 0 917121 7000100000100000119721 21 198960011
90714018 311 2 417 109600010000010000000 1299909797977171
90716994 617 1 417 31 100010000010000000 519 409797977171
91544302 317 7 717 71 100100000100000000 524 809797977811
91572389 121 1 717 81 1001000001000000119726 209797977171
91572918 211 1 117 10 100010000010000100 530 209797977007
91573248 111 1 101977 7001000001000000119725 91 1 1 10171
91575358 627 2 217 10 2000010000010000119723 409797977171
91575420 317 5 917101 700010000010000000 522 81 1 1 11007
91576270 331 1 817 61 1100010100000000119722 509797977171
91576919 121 1 317 10 1001000001000000119727 609797977171
91577786 217 1 417 30 110000000000100000 524 409797977011
91578605 231 1 417 50 400001000001000000 119 209797977171
91579230 617 1 517 41 7000100000100000019721 409797977171
91579942 311 1 217 10 1001000001000100119732 21 5 5 50171
91678373 111 1 517101 7000100000100000119722 41 1 1 10171
91710339 211 1 201977 1001000001000000019728 409797977171
91715280 117989817 10 700100000000000000 517 409797977011
91716908 511 1 317 21 4000100100100010019725 91 596961011
91717916 511 2 717 91 1000100000100000119720 909797977011
91719936 411 1 217 50 100100000100010000 524101 2 2 31171
92504321 137 1 317 20 1110000110001000119721 41 5 1 21171
92506022 117 2 217 21 1001000001000000119722 209797977171
92507952 627 1 817151 1001000001000000119720 309797977171
92507983 411 1 617 61 700010000010012100 525 509797977011
92570396 117 2 517 41 5100000100000000119725 91 521970171
92572061 117 0 817111 7111000111000000119722 61 521970171
92572397 117 1 717 10 1001000001000000119722 909797977171
92575959 121 1 317 40 7000100000100000019723 209797977011
92577112 721 1 101977 1101000101000000119725 409797977171
92578580 117 2 217 21 8000000000100000019720 409797977171
92578580 217 1 317 40 400000000000100000 124 51 5 5 50010
92578722 627 3 501977 1110100110100000019718 81 1 1 51171
92606325 217 3 517 31 100000000000000000 323 41 1 1 11007
92713293 111 1 517 41 7000100000100000119723 409797977171
93500972 521 1 517 21 7001100101100000119724 709797977171
93503201 427 1 717101 100010000010000000 520 41 1 1 11171
93571205 11097 917181 7000010000010000019720 21 1 1211171
93572199 321 1 517 31 1000100000100000119723 809797977171
93576493 117 1 317 21 4110000110000000119725 209797977171
93576924 417 2 617 51 100100000100000000 523 609797977007
93578537 311 1 617 70 1000100000100000019722 41 5 5 51007
93579267 211 1 217 21 3000100000100001019718 41 1 1 11171
93579948 117 1 817 91 1000110000110000119720 409797977007
93608178 217 1 917 71 7000100000100000019722 809797977011
93710235 117 4 917 60 700100000100100000 320 81 1 5 10011
93712270 117 7 717 71 7000100000100000119718 469797977171
93714017 317 1 517 20 788888888888804200 317 209797977007
93714292 347 2 6889779777777788888888800 219 209797977011
93714292 417 2 317 41 711110111110100100 517 21 121971007
93716975 511 1 417 20 1101010101010000019727 309797977011
93718312 211 7 217 51 1000100000100001019723 21 116 11171
94503902 111 2 317 31 1101000101000000119724 21 5 5 51011
94504408 121 1 317 20 100100000100010000 223 909797977007
94506049 121 1 817 81 710000010000000100 525 809797977011
94570476 227 2 617 30 700010000010014200 225 409797977171
94572046 717 3 917 31 111011011011010100 219 21 121970007
94573693 121 2 317 11 1101000101000000119722 409797977171
94573699 217 2 517980 100110000010000000 421 81 1 1210010
94574729 311 3 617 41 3000100000100001019722 41 1 1 11011
94576659 521 1 217 10 1101000101000000119726 609797977171
94576985 311 1 817121 2000010000010001119724 21 1 1 10171
94578096 127 0 117 11 1001000001000000119723 409797977171
94578921 111 1 717 81 100000000010000000 325 209797977171
94579232 117 1 117 10 1100000100000000119722 709797977171
94579296 321 1 417 10 1001000101000001119723 409797977171
94579375 311 2 717141 1110000110000000019720 209797977171
94710389 111 2 517 40 100010000010000000 527 61 1 1 11011
94711862 411 1 717101 1000100000100000019722 91 521970011
94711862 511 1 717101 1000100000100000019722 91 521970011
94715994 321 1 817160 100010000010000000 422 109797977011
95506426 117 89817 11 1001000001000000119719 71 1 1 11171
95570097 511 1 417 31 1100000100000000119735 81 521970171
95570450 117 1 617 91 1001000001000000119722 409797977171
95571160 211 2 517 71 1001000001000000019731 809797977171
95573957 111 1 317 21 7001000001000000119724 81 1 8210171
95574617 217 1 717 51 7001100001100001019718 41 1 1 11011
95574944 321 1 217 21 1000000001000000119721 909797977171
95575621 717 2 981977 401000001000088800 218 41 1 1151007
95577267 311 1 717 71 1000100000100000119728 809797977171
95646127 121 9 217 11 1100000100000000019724 91 1 5 51171
95711978 51097 101977 4000000000000230009819 209797977018
957142261217 3 917151 1000100000100000019719 41 1 5 10171
95718925 321 1 217 11 2000100000100000019719 509797977171
95719977 421 2 717 71 7000100000100011019723 509797977011
96504821 121 3 417 30 100010000010000000 128 21 2 7211010
96506282 211 1 101977 300001000001000000 321 209797977010
96506449 117 9 917151 4000100100000000019717101 512 51011
96506449 127 1 917151 4000100010000000019717101 521971011
96506722 131 2 817141 5000010000010000019726 809797977171
96570059 211 3 317 20 700010000010000000 417 209797977171
96571008 421 3 517 31 7000010000010000019724 809797977011
96571272 417 1 717 51 5001000001000000019721 41 1 1 10171
96571565 311 1 517 41 1000100000100001019725 209797977171
96572923 137 1 201977 2000010000010000119720 41 1 1 11171
96572976 146979666977977777776666066666697969669797977667
96573257 111 1 417 21 711010011010000000 222 809797977011
96574438 117 1 517981 100100000100000000 522 81 5 5 51171
96575289 327 2 517 81 7000100000100001119720 509797977171
96575298 237 1 301977 1000100000100000119720 81 121970011
96575384 217 4 517 31 7001000001000000119726 409797977171
96576922 127 2 317 11 1001000001000000119723 409797977171
96577687 171 1 217 31 1100000100000000119730 409797977171
96579332 111 1 417 51 100100000100000000 524 709797977011
96579966 311 1 517 41 1001000001000000119727 809797977171
96579970 121 3 817 50 1001000001000001119725 409797977011
96619469 311 1 317 11 1000010000010000019723 41 1 3 31171
96676958 137 1 717981 1001000001000000119721 41          
96713094 117 2 317 30 1000111000111000019718101 1 1211011
96714232 417 2 417 31 101000001000000000 318 409797977007
967152871017989899977977777770000009999997989999797977997
96715289 611 1 617 81 400010000010000000 521 709797977171
96715935 621 1 101977 7000100000100001019721 209797977011
96716015 717 1 117 31 1101000100000000019718 409797977011
96716930 111 1 817 91 7000100000100000119724 409797977171
96716974 611 1 617 81 1001000001000000019724 409797977011
97572009 111 1 917151 1001000001000000119727 81 5 5 50171
975721021011 1 217 00 100100000110000000 529 41 2 1211178
97572861 517 6 617 61 7001000001000000019730 91 5 5 51011
97574413 411 2 817 71 7001000001000000119726 91 521970171
97574649 117 1 201977 110000010000000000 4269809797977011
97576061 111 0 101977 5100000101000000119723111 1 1211171
97712999 117 1 717 71 1101000101000000119720 809797977171
97714119 417 3 617 51 1000100000100000019717 409797977171
97716098 311 1 117 11 800000000100000000 520 209797977011
97718212 117 2 717 41 9000100000100000019721 81 5 5 50171
97718910 211 1 117101 100010000010000000 531 409797977171
98503032 311 2 717 50 100100000100000000 429 509797977011
98504406 527 1 317 20 511000011000000000 521 609797977171
98506629 111 1 817121 1001000001000000119725 41 5 5 51171
98546321 111 2 217 21 1101111000000000119726 21 4 4 11171
98570080 221 2 417 3110000000000000000119728 91 121971171
98570122 121 1 617981 100001000001021100 531 911414 40087
98570923 611 1 617 61 200010000010001000 519 41 2 2211011
98572173 117 0 417 61 1101000101000000119722 809797977171
98572448 127 1 317 11 1001000000100000119722 409797977171
98572981 111 1 817121 1001000001000000119724 81 521970171
98573943 711 1 317 10 1001000001000000119733 61 521970171
98578381 121 5 217 61 3000000000100000109732 209797977170
98579930 317 1 517 81 1101000101000000119722 71 1 1 11171
98710195 131 1 101977 100100000100000000 522 209797977011
98712216 311 1 617 51 200010000010000100 119 41 1 1 11007
98712976 321 1 617 61 1001000001000000119720 41 521971011
98715980 111 1 317 40 7000000000000000119723 51 1 2210171
98715983 911 1 317 21 2000100001100022019722 509797977171
99500276 111 1 517 31 7000001000001000119724 909797977171
99506266 817 1 617201 1101000101000000119720 609797977011
99506360 127 1 517 20 1101000101000000119723 91 1 5210171
99570393 111 2 201977 1101000101000000019722 61 5 5211011
99573258 131 0 617 61 1000100000100000119727 819921970007
99573314 127 1 91712110100100000100000019719 409797977018
99575186 221 1 817 61 1000100000100000119723 209797977171
99575529 111 2 517 41 100010000010000000 521 51 1 1 11011
99576580 111 1 717101 1001000001000000119724 409797977171
99577658 837 2 417 51 110000010001000100 317 209797977007
99577686 217 1 217 51 1001000001000000019722 71 1 2 31171
99577988 111 2 517 81 2000100000100000119719 909797977171
99579979 317 1 717 51 1000110000110001119719 209797977171
99711176 117 1 617 41 7000100000100000019722 51 1 1 11171
99715934 111 1 317 11 100010000100000000 520 41 5 5211171
99716892 321 2 617 40 7001000001000101119721 41 221970171
